0 0.5234375 0.703125 0.05859375 0.08984375
0 0.453125 0.6953125 0.06640625 0.0859375
0 0.7109375 0.53515625 0.06640625 0.08203125
0 0.28125 0.7734375 0.05859375 0.078125
0 0.16796875 0.484375 0.04296875 0.0546875
0 0.26953125 0.578125 0.05859375 0.06640625
0 0.3203125 0.6484375 0.046875 0.05859375
0 0.70703125 0.8203125 0.03515625 0.06640625
0 0.7890625 0.6640625 0.03515625 0.0625
0 0.68359375 0.7109375 0.03515625 0.05078125
0 0.6796875 0.87890625 0.0546875 0.046875
0 0.80078125 0.7578125 0.04296875 0.0546875
0 0.75 0.84375 0.05078125 0.078125
0 0.8359375 0.5625 0.0625 0.1171875
0 0.76953125 0.515625 0.03515625 0.0703125
0 0.30078125 0.4296875 0.046875 0.06640625
0 0.46875 0.6171875 0.046875 0.0546875
0 0.3984375 0.8125 0.06640625 0.06640625
0 0.34375 0.87890625 0.0546875 0.0546875
0 0.1640625 0.26953125 0.0625 0.078125
0 0.2109375 0.4296875 0.03515625 0.08984375
0 0.234375 0.36328125 0.07421875 0.046875
0 0.359375 0.4921875 0.06640625 0.07421875
0 0.390625 0.58203125 0.0703125 0.0703125
0 0.6640625 0.625 0.1015625 0.0859375
0 0.87890625 0.734375 0.0703125 0.1171875
0 0.58984375 0.8125 0.1484375 0.109375