0 0.2265625 0.21484375 0.03125 0.07421875
0 0.1953125 0.1953125 0.0390625 0.0625
0 0.22265625 0.09765625 0.0390625 0.0625
0 0.328125 0.0546875 0.0546875 0.05859375
0 0.26171875 0.3203125 0.03515625 0.05859375
0 0.28125 0.5 0.046875 0.0859375
0 0.30859375 0.3359375 0.0390625 0.06640625
0 0.3359375 0.4453125 0.04296875 0.07421875
0 0.3828125 0.3828125 0.05078125 0.08203125
0 0.328125 0.6328125 0.0390625 0.08203125
0 0.39453125 0.8515625 0.03125 0.05859375
0 0.46875 0.78515625 0.05078125 0.06640625
0 0.60546875 0.91015625 0.0625 0.0859375
0 0.59765625 0.765625 0.0390625 0.07421875
0 0.60546875 0.64453125 0.05078125 0.1015625
0 0.52734375 0.58203125 0.06640625 0.1171875
0 0.4453125 0.57421875 0.09765625 0.09765625
0 0.453125 0.4375 0.125 0.125
0 0.58984375 0.46875 0.1171875 0.0859375
0 0.515625 0.3359375 0.125 0.109375
0 0.8203125 0.2578125 0.0390625 0.0703125
0 0.765625 0.20703125 0.07421875 0.0625
0 0.68359375 0.578125 0.09375 0.18359375
0 0.609375 0.96875 0.171875 0.0625
0 0.3125 0.2421875 0.11328125 0.12109375
0 0.28125 0.109375 0.0703125 0.078125