0 0.7421875 0.06640625 0.05859375 0.0546875
0 0.67578125 0.1328125 0.0390625 0.04296875
0 0.6796875 0.18359375 0.0390625 0.0390625
0 0.6875 0.2578125 0.03515625 0.0546875
0 0.578125 0.421875 0.0546875 0.06640625
0 0.4765625 0.4140625 0.0546875 0.109375
0 0.4609375 0.1875 0.046875 0.05078125
0 0.4765625 0.22265625 0.05078125 0.046875
0 0.4453125 0.26171875 0.046875 0.05078125
0 0.515625 0.078125 0.0390625 0.0546875
0 0.5859375 0.03125 0.03125 0.046875
0 0.5546875 0.10546875 0.05078125 0.0546875
0 0.28125 0.41015625 0.02734375 0.0390625
0 0.3203125 0.34375 0.04296875 0.07421875
0 0.2890625 0.2890625 0.0546875 0.078125
0 0.328125 0.1953125 0.0390625 0.0546875
0 0.40625 0.1640625 0.03515625 0.046875
0 0.39453125 0.1328125 0.0234375 0.04296875
0 0.375 0.140625 0.03125 0.046875
0 0.3671875 0.27734375 0.02734375 0.046875
0 0.73046875 0.5625 0.03515625 0.046875
0 0.68359375 0.55859375 0.03125 0.05078125
0 0.75 0.28515625 0.0234375 0.0390625
0 0.7890625 0.25 0.04296875 0.046875
0 0.8359375 0.2421875 0.03125 0.046875
0 0.171875 0.29296875 0.04296875 0.05859375
0 0.26953125 0.21875 0.03515625 0.0546875
0 0.3125 0.5859375 0.0234375 0.05078125
0 0.328125 0.46875 0.03515625 0.0546875
0 0.234375 0.83984375 0.03515625 0.0625
0 0.171875 0.8515625 0.0546875 0.078125
0 0.234375 0.734375 0.0390625 0.0546875
0 0.125 0.765625 0.046875 0.078125
0 0.46484375 0.9453125 0.0390625 0.05859375
0 0.5 0.515625 0.03515625 0.0546875
0 0.609375 0.07421875 0.02734375 0.03515625
0 0.42578125 0.0390625 0.03125 0.05078125
0 0.4140625 0.09375 0.0390625 0.0390625
0 0.4375 0.1328125 0.03125 0.03125
0 0.47265625 0.046875 0.0390625 0.046875
0 0.75 0.33984375 0.0546875 0.0546875
0 0.73828125 0.4375 0.046875 0.046875
0 0.71484375 0.7109375 0.05859375 0.0625
0 0.9609375 0.5703125 0.03515625 0.046875
0 0.83203125 0.3046875 0.0546875 0.046875
0 0.15625 0.4375 0.04296875 0.05078125
0 0.25 0.40625 0.02734375 0.0546875