0 0.4140625 0.625 0.05859375 0.05859375
0 0.2421875 0.6875 0.03515625 0.06640625
0 0.8046875 0.4765625 0.0390625 0.0703125
0 0.4375 0.4921875 0.04296875 0.03125
0 0.59765625 0.3515625 0.05859375 0.05859375
0 0.66796875 0.3203125 0.05078125 0.06640625
0 0.84375 0.41796875 0.0546875 0.06640625
0 0.3984375 0.1796875 0.05078125 0.0625
0 0.4765625 0.234375 0.0390625 0.04296875
0 0.4453125 0.2734375 0.0390625 0.0390625
0 0.546875 0.3359375 0.0546875 0.04296875
0 0.53125 0.2421875 0.0390625 0.0703125
0 0.6015625 0.21875 0.03515625 0.05078125
0 0.25 0.625 0.03515625 0.0625
0 0.23828125 0.53125 0.04296875 0.046875
0 0.265625 0.8125 0.046875 0.0703125
0 0.03125 0.2265625 0.0625 0.09375
0 0.09375 0.046875 0.04296875 0.06640625