0 0.3203125 0.515625 0.046875 0.05859375
0 0.34765625 0.47265625 0.046875 0.0703125
0 0.46484375 0.4375 0.0546875 0.0625
0 0.27734375 0.640625 0.0546875 0.078125
0 0.39453125 0.734375 0.04296875 0.0546875
0 0.375 0.609375 0.05078125 0.05859375
0 0.390625 0.6484375 0.0625 0.0546875
0 0.546875 0.59375 0.0390625 0.0703125
0 0.5 0.625 0.03515625 0.04296875
0 0.453125 0.6640625 0.05078125 0.05859375
0 0.5703125 0.734375 0.05859375 0.04296875
0 0.5859375 0.6953125 0.0390625 0.0390625
0 0.6484375 0.6796875 0.04296875 0.05078125
0 0.6171875 0.6484375 0.04296875 0.0546875
0 0.4296875 0.8515625 0.0390625 0.0546875
0 0.4453125 0.90625 0.04296875 0.05859375
0 0.3984375 0.9375 0.05078125 0.046875
0 0.3203125 0.921875 0.0703125 0.05078125
0 0.3828125 0.85546875 0.0546875 0.05859375
0 0.5546875 0.88671875 0.06640625 0.06640625
0 0.5078125 0.84375 0.05078125 0.06640625
0 0.4921875 0.7890625 0.06640625 0.0625
0 0.6328125 0.5078125 0.07421875 0.08203125
0 0.66015625 0.78125 0.109375 0.0859375
0 0.71484375 0.71875 0.0703125 0.0703125
0 0.5625 0.81640625 0.0859375 0.08984375
0 0.25 0.8125 0.046875 0.0859375
0 0.31640625 0.84765625 0.04296875 0.08203125
0 0.421875 0.5546875 0.0546875 0.12109375
0 0.38671875 0.5 0.0390625 0.07421875
0 0.375 0.41796875 0.0390625 0.046875