0 0.4296875 0.42578125 0.0625 0.0703125
0 0.4140625 0.5546875 0.0546875 0.078125
0 0.328125 0.578125 0.078125 0.08203125
0 0.34375 0.484375 0.0546875 0.0859375
0 0.5078125 0.76171875 0.02734375 0.0390625
0 0.5546875 0.7421875 0.03515625 0.05078125
0 0.68359375 0.5546875 0.0390625 0.05859375
0 0.6875 0.7421875 0.02734375 0.0390625
0 0.65625 0.7734375 0.02734375 0.046875
0 0.59375 0.78125 0.03515625 0.0625
0 0.546875 0.8046875 0.04296875 0.05859375
0 0.6640625 0.40625 0.03125 0.06640625
0 0.63671875 0.453125 0.0390625 0.05078125
0 0.515625 0.50390625 0.03515625 0.05078125