0 0.7890625 0.140625 0.0546875 0.0859375
0 0.7265625 0.1484375 0.05859375 0.0625
0 0.61328125 0.3828125 0.05078125 0.0703125
0 0.6328125 0.44140625 0.06640625 0.0625
0 0.5 0.38671875 0.05859375 0.0703125
0 0.4921875 0.4375 0.0546875 0.0546875
0 0.5234375 0.515625 0.09765625 0.12890625
0 0.4375 0.5546875 0.0703125 0.08203125
0 0.4140625 0.4765625 0.0546875 0.0625
0 0.4765625 0.0703125 0.03515625 0.0546875
0 0.453125 0.109375 0.046875 0.04296875
0 0.4453125 0.3125 0.03515625 0.05859375
0 0.3828125 0.3203125 0.0390625 0.046875
0 0.40234375 0.390625 0.04296875 0.05078125
0 0.3359375 0.4765625 0.05859375 0.08203125
0 0.2734375 0.52734375 0.06640625 0.1015625
0 0.27734375 0.625 0.05078125 0.07421875
0 0.234375 0.6171875 0.046875 0.05859375
0 0.328125 0.6875 0.078125 0.08984375
0 0.421875 0.71875 0.05078125 0.0703125
0 0.375 0.84375 0.03125 0.05859375
0 0.37890625 0.8984375 0.0390625 0.0625
0 0.3359375 0.83984375 0.03515625 0.046875
0 0.3359375 0.8984375 0.04296875 0.0703125
0 0.078125 0.40625 0.03515625 0.05859375
0 0.1953125 0.484375 0.04296875 0.05859375
0 0.21875 0.3984375 0.07421875 0.06640625
0 0.28515625 0.34765625 0.03125 0.05078125
0 0.546875 0.703125 0.1875 0.1640625
0 0.65625 0.68359375 0.0625 0.07421875
0 0.7421875 0.25 0.03515625 0.03515625
0 0.9765625 0.5859375 0.04296875 0.0546875
0 0.703125 0.8984375 0.046875 0.0625
0 0.55859375 0.82421875 0.046875 0.0390625
0 0.4375 0.8125 0.0390625 0.0546875
0 0.359375 0.75390625 0.0390625 0.05078125