0 0.7109375 0.8125 0.0859375 0.11328125
0 0.5703125 0.671875 0.109375 0.07421875
0 0.5859375 0.7421875 0.0703125 0.05078125
0 0.53515625 0.78515625 0.0546875 0.06640625
0 0.453125 0.76953125 0.0546875 0.07421875
0 0.27734375 0.6328125 0.1015625 0.13671875
0 0.21875 0.5859375 0.11328125 0.1015625
0 0.265625 0.515625 0.234375 0.09375
0 0.0703125 0.6796875 0.109375 0.16015625
0 0.0546875 0.546875 0.109375 0.125
0 0.515625 0.45703125 0.0859375 0.11328125
0 0.390625 0.65234375 0.09375 0.125
0 0.28515625 0.296875 0.06640625 0.08203125
0 0.25 0.19921875 0.0625 0.09375
0 0.05078125 0.3125 0.08984375 0.1015625
0 0.078125 0.4453125 0.0859375 0.09375
0 0.5 0.3515625 0.15625 0.109375
0 0.67578125 0.3359375 0.0546875 0.0546875
0 0.59375 0.48046875 0.04296875 0.0546875
0 0.703125 0.46484375 0.07421875 0.04296875
0 0.703125 0.5078125 0.05859375 0.05859375
0 0.65625 0.5234375 0.05078125 0.078125
0 0.6328125 0.59375 0.04296875 0.0859375
0 0.5625 0.58984375 0.046875 0.0390625
0 0.58984375 0.5390625 0.05859375 0.0546875
0 0.53515625 0.625 0.0390625 0.0390625
0 0.5078125 0.59375 0.05859375 0.07421875
0 0.8125 0.66015625 0.171875 0.23046875
0 0.875 0.4375 0.21484375 0.109375
0 0.9375 0.578125 0.0859375 0.1328125
0 0.37109375 0.4140625 0.03125 0.05859375
0 0.33984375 0.4140625 0.03515625 0.07421875
0 0.25 0.4140625 0.06640625 0.07421875
0 0.1796875 0.3828125 0.0234375 0.05859375
0 0.16015625 0.203125 0.0625 0.05078125
0 0.3515625 0.30859375 0.04296875 0.07421875
0 0.4140625 0.38671875 0.03515625 0.046875
0 0.4453125 0.46875 0.0703125 0.1328125
0 0.4296875 0.56640625 0.04296875 0.046875
0 0.4140625 0.75 0.03515625 0.046875
0 0.015625 0.4765625 0.03125 0.05859375
0 0.125 0.5390625 0.0546875 0.07421875
0 0.2109375 0.8125 0.05078125 0.06640625
0 0.1328125 0.8125 0.04296875 0.06640625
0 0.8828125 0.8515625 0.03125 0.05859375
0 0.85546875 0.796875 0.046875 0.05859375
0 0.9453125 0.7421875 0.046875 0.04296875
0 0.74609375 0.359375 0.046875 0.07421875