0 0.32421875 0.578125 0.06640625 0.09765625
0 0.3359375 0.5 0.0625 0.0859375
0 0.3359375 0.21875 0.0703125 0.14453125
0 0.21484375 0.28125 0.03515625 0.07421875
0 0.28125 0.3359375 0.08984375 0.08203125
0 0.3203125 0.3984375 0.08203125 0.0859375
0 0.46484375 0.3515625 0.0546875 0.0859375
0 0.4609375 0.46875 0.05859375 0.08203125
0 0.39453125 0.4375 0.0625 0.0859375
0 0.3125 0.8203125 0.03515625 0.0703125
0 0.28125 0.796875 0.0390625 0.06640625
0 0.3984375 0.95703125 0.0546875 0.0859375
0 0.54296875 0.734375 0.06640625 0.0859375
0 0.55859375 0.4453125 0.05078125 0.08203125
0 0.4609375 0.1953125 0.0625 0.11328125
0 0.53125 0.1875 0.05859375 0.0859375
0 0.609375 0.12109375 0.12109375 0.14453125
0 0.7109375 0.4140625 0.0703125 0.109375
0 0.68359375 0.34765625 0.06640625 0.0859375
0 0.59765625 0.3984375 0.05078125 0.07421875
0 0.8125 0.5 0.0390625 0.08203125
0 0.7734375 0.4453125 0.06640625 0.08203125
0 0.7109375 0.65625 0.04296875 0.06640625
0 0.4609375 0.953125 0.03125 0.0625
0 0.8125 0.63671875 0.05859375 0.09375