0 0.1484375 0.30859375 0.05859375 0.09375
0 0.41796875 0.7265625 0.046875 0.09375
0 0.3125 0.765625 0.046875 0.0703125
0 0.25 0.765625 0.05078125 0.1015625
0 0.4609375 0.4921875 0.05859375 0.0625
0 0.6875 0.55078125 0.0546875 0.0625
0 0.609375 0.81640625 0.05078125 0.05859375
0 0.8359375 0.421875 0.06640625 0.0546875
0 0.828125 0.4921875 0.046875 0.046875
0 0.92578125 0.3828125 0.046875 0.0859375
0 0.8125 0.65625 0.05859375 0.07421875
0 0.62109375 0.6875 0.06640625 0.07421875
0 0.578125 0.625 0.04296875 0.0546875
0 0.25 0.65234375 0.05859375 0.0703125
0 0.375 0.5 0.0390625 0.05859375
0 0.59765625 0.328125 0.046875 0.046875
0 0.6875 0.390625 0.046875 0.05859375
0 0.109375 0.43359375 0.0546875 0.078125