0 0.15625 0.37890625 0.06640625 0.11328125
0 0.31640625 0.3828125 0.08203125 0.08984375
0 0.3125 0.3046875 0.046875 0.05078125
0 0.421875 0.078125 0.0625 0.078125
0 0.125 0.2421875 0.12890625 0.1328125
0 0.1640625 0.828125 0.0625 0.08984375
0 0.46875 0.62109375 0.05078125 0.06640625
0 0.4375 0.5234375 0.0546875 0.0703125
0 0.390625 0.625 0.03125 0.0546875
0 0.4765625 0.765625 0.06640625 0.0859375
0 0.51953125 0.671875 0.05078125 0.06640625
0 0.58984375 0.57421875 0.05078125 0.0703125
0 0.734375 0.375 0.05078125 0.078125
0 0.6171875 0.7421875 0.06640625 0.078125
0 0.6796875 0.703125 0.0625 0.07421875
0 0.625 0.1640625 0.0390625 0.06640625
0 0.56640625 0.20703125 0.0546875 0.06640625
0 0.8984375 0.71484375 0.046875 0.07421875