0 0.21875 0.5859375 0.05859375 0.10546875
0 0.296875 0.3203125 0.06640625 0.0859375
0 0.16796875 0.33203125 0.0703125 0.07421875
0 0.0390625 0.5390625 0.078125 0.1640625
0 0.234375 0.7421875 0.05078125 0.08203125
0 0.3203125 0.73046875 0.06640625 0.078125
0 0.30859375 0.6328125 0.04296875 0.0625
0 0.3046875 0.50390625 0.04296875 0.078125
0 0.328125 0.4296875 0.0546875 0.0703125
0 0.54296875 0.32421875 0.0546875 0.08984375
0 0.4375 0.2890625 0.06640625 0.0859375
0 0.7578125 0.4609375 0.08984375 0.09375
0 0.71875 0.34375 0.03515625 0.11328125
0 0.6640625 0.3125 0.0546875 0.05859375
0 0.6640625 0.3984375 0.05078125 0.078125
0 0.6875 0.6171875 0.05078125 0.09375
0 0.6015625 0.65234375 0.10546875 0.078125
0 0.6640625 0.484375 0.05078125 0.109375
0 0.6015625 0.4765625 0.05859375 0.09765625
0 0.5546875 0.4296875 0.0625 0.125
0 0.59375 0.58203125 0.09375 0.10546875
0 0.48046875 0.5859375 0.05859375 0.125
0 0.4453125 0.5234375 0.08203125 0.09375
0 0.35546875 0.54296875 0.0859375 0.08984375
0 0.37109375 0.4609375 0.05859375 0.09765625
0 0.46875 0.3984375 0.06640625 0.08984375
0 0.41015625 0.734375 0.0546875 0.09375
0 0.6171875 0.734375 0.125 0.09765625
0 0.11328125 0.62890625 0.09375 0.10546875
0 0.5234375 0.2421875 0.109375 0.109375
0 0.5234375 0.1640625 0.07421875 0.08203125
0 0.734375 0.1875 0.00390625 0.00390625