0 0.65625 0.30859375 0.06640625 0.078125
0 0.57421875 0.2421875 0.04296875 0.046875
0 0.8203125 0.5 0.05859375 0.06640625
0 0.7734375 0.53125 0.0546875 0.05859375
0 0.7421875 0.5859375 0.0625 0.04296875
0 0.5859375 0.41015625 0.05078125 0.07421875
0 0.5390625 0.55859375 0.0546875 0.08203125
0 0.37890625 0.55078125 0.07421875 0.09375
0 0.2578125 0.5546875 0.07421875 0.07421875
0 0.3828125 0.703125 0.06640625 0.109375
0 0.28125 0.734375 0.06640625 0.09765625
0 0.5078125 0.6796875 0.05859375 0.0625
0 0.46484375 0.5703125 0.0625 0.08203125
0 0.453125 0.65234375 0.07421875 0.046875
0 0.015625 0.46484375 0.03125 0.09375