0 0.578125 0.078125 0.04296875 0.05859375
0 0.640625 0.25 0.05078125 0.07421875
0 0.5859375 0.26953125 0.03125 0.07421875
0 0.7578125 0.2421875 0.09375 0.12109375
0 0.5234375 0.3046875 0.0703125 0.10546875
0 0.4375 0.3828125 0.04296875 0.0703125
0 0.359375 0.37890625 0.0546875 0.1171875
0 0.3125 0.421875 0.0390625 0.1328125
0 0.265625 0.453125 0.03515625 0.06640625
0 0.18359375 0.375 0.09765625 0.15625
0 0.0234375 0.453125 0.046875 0.1015625
0 0.06640625 0.6953125 0.04296875 0.08203125
0 0.1328125 0.65625 0.07421875 0.14453125
0 0.109375 0.5546875 0.06640625 0.09375
0 0.21875 0.67578125 0.1015625 0.109375
0 0.20703125 0.546875 0.1015625 0.1328125
0 0.328125 0.78125 0.09375 0.08984375
0 0.49609375 0.83203125 0.0625 0.07421875
0 0.5546875 0.828125 0.0546875 0.0703125
0 0.4140625 0.6171875 0.13671875 0.08984375
0 0.5234375 0.58203125 0.0625 0.0546875
0 0.7890625 0.42578125 0.07421875 0.12109375
0 0.91796875 0.34765625 0.12109375 0.1171875
0 0.67578125 0.3203125 0.0546875 0.04296875
0 0.67578125 0.35546875 0.05859375 0.046875
0 0.6328125 0.3671875 0.0390625 0.0703125
0 0.578125 0.03125 0.0859375 0.0625
0 0.33203125 0.234375 0.05078125 0.08984375
0 0.4140625 0.2890625 0.03515625 0.0625
0 0.203125 0.81640625 0.0390625 0.07421875
0 0.1328125 0.7421875 0.046875 0.06640625
0 0.0546875 0.765625 0.05078125 0.06640625
0 0.48828125 0.7265625 0.06640625 0.0703125
0 0.10546875 0.421875 0.0625 0.125
0 0.08984375 0.33203125 0.04296875 0.09375
0 0.1484375 0.125 0.06640625 0.07421875
0 0.5703125 0.49609375 0.078125 0.109375