0 0.84765625 0.375 0.05078125 0.08203125
0 0.30078125 0.12109375 0.0390625 0.1015625
0 0.24609375 0.078125 0.07421875 0.12109375
0 0.265625 0.27734375 0.0390625 0.05078125
0 0.2109375 0.3203125 0.05078125 0.06640625
0 0.171875 0.2109375 0.06640625 0.12890625
0 0.2421875 0.1875 0.07421875 0.07421875
0 0.2890625 0.57421875 0.0546875 0.08203125
0 0.1875 0.5703125 0.05078125 0.08203125
0 0.5234375 0.78125 0.07421875 0.0703125
0 0.515625 0.71875 0.06640625 0.0546875
0 0.44140625 0.7421875 0.0625 0.07421875
0 0.515625 0.9375 0.0625 0.0625
0 0.5859375 0.890625 0.0703125 0.0625
0 0.68359375 0.84765625 0.07421875 0.0546875
0 0.6953125 0.78125 0.0625 0.06640625
0 0.66796875 0.72265625 0.046875 0.046875
0 0.8046875 0.5078125 0.05859375 0.0546875
0 0.7734375 0.62890625 0.0546875 0.046875
0 0.875 0.66796875 0.05078125 0.0703125
0 0.3984375 0.890625 0.046875 0.0703125
0 0.5625 0.15234375 0.05078125 0.05859375