0 0.56640625 0.328125 0.0625 0.06640625
0 0.59375 0.21875 0.07421875 0.0859375
0 0.42578125 0.19140625 0.06640625 0.08203125
0 0.3828125 0.6953125 0.0546875 0.078125
0 0.375 0.62890625 0.07421875 0.07421875
0 0.09375 0.796875 0.05078125 0.078125
0 0.3671875 0.453125 0.04296875 0.0625
0 0.25 0.4453125 0.05859375 0.06640625
0 0.46875 0.359375 0.05859375 0.06640625
0 0.71875 0.5078125 0.05078125 0.05078125
0 0.70703125 0.4375 0.09375 0.08984375
0 0.734375 0.32421875 0.06640625 0.0703125
0 0.6953125 0.25 0.0625 0.06640625
0 0.734375 0.24609375 0.0546875 0.0546875
0 0.73046875 0.1796875 0.0546875 0.0390625
0 0.625 0.296875 0.06640625 0.08203125
0 0.5625 0.421875 0.05078125 0.0703125
0 0.57421875 0.57421875 0.05078125 0.0703125
0 0.640625 0.62109375 0.0625 0.0703125
0 0.6796875 0.6328125 0.04296875 0.0625
0 0.7109375 0.57421875 0.0625 0.0546875
0 0.7890625 0.6015625 0.0546875 0.06640625
0 0.6640625 0.1796875 0.05859375 0.0703125
0 0.5 0.203125 0.06640625 0.125
0 0.44140625 0.0703125 0.0703125 0.1328125
0 0.50390625 0.078125 0.05859375 0.1328125
0 0.40625 0.2890625 0.05859375 0.078125
0 0.7734375 0.21484375 0.05078125 0.109375