0 0.12109375 0.4609375 0.10546875 0.1796875
0 0.47265625 0.4765625 0.0859375 0.09375
0 0.3984375 0.4453125 0.07421875 0.12109375
0 0.3203125 0.2890625 0.08984375 0.25
0 0.671875 0.3359375 0.1328125 0.12109375
0 0.53515625 0.7265625 0.0703125 0.1171875
0 0.46484375 0.78125 0.0859375 0.09375
0 0.86328125 0.609375 0.1015625 0.10546875
0 0.5234375 0.87890625 0.1328125 0.140625
0 0.2734375 0.703125 0.1171875 0.1171875
0 0.15625 0.8828125 0.13671875 0.16796875
0 0.6796875 0.9296875 0.10546875 0.125
0 0.734375 0.73828125 0.00390625 0.00390625