0 0.8203125 0.3359375 0.0390625 0.06640625
0 0.73046875 0.3671875 0.0703125 0.08203125
0 0.71484375 0.2109375 0.1015625 0.1015625
0 0.703125 0.09375 0.078125 0.09375
0 0.890625 0.078125 0.08984375 0.08203125
0 0.46875 0.1640625 0.06640625 0.0625
0 0.4296875 0.5078125 0.0703125 0.10546875
0 0.09375 0.43359375 0.06640625 0.07421875
0 0.0625 0.3671875 0.05859375 0.08203125
0 0.27734375 0.7421875 0.07421875 0.10546875
0 0.2109375 0.515625 0.078125 0.0859375
0 0.16015625 0.59375 0.06640625 0.08984375
0 0.4765625 0.6875 0.07421875 0.07421875
0 0.6171875 0.6328125 0.04296875 0.05859375
0 0.55078125 0.66015625 0.0546875 0.07421875
0 0.2890625 0.65625 0.1015625 0.078125
0 0.15234375 0.8515625 0.05859375 0.09765625
0 0.640625 0.3671875 0.08203125 0.07421875
0 0.578125 0.24609375 0.0859375 0.12109375