0 0.38671875 0.03125 0.09375 0.0625
0 0.5625 0.09765625 0.07421875 0.09765625
0 0.484375 0.265625 0.078125 0.08203125
0 0.76953125 0.5703125 0.0625 0.0859375
0 0.84765625 0.42578125 0.05859375 0.08203125
0 0.6171875 0.6171875 0.06640625 0.08203125
0 0.3515625 0.796875 0.06640625 0.1015625
0 0.12890625 0.375 0.0859375 0.1796875
0 0.2265625 0.12890625 0.05078125 0.14453125
0 0.3203125 0.39453125 0.07421875 0.0859375
0 0.875 0.07421875 0.09375 0.11328125
0 0.6796875 0.328125 0.0859375 0.12109375
0 0.77734375 0.18359375 0.08984375 0.1328125
0 0.89453125 0.15625 0.1328125 0.12890625
0 0.953125 0.5078125 0.08984375 0.16015625
0 0.84375 0.7109375 0.06640625 0.0859375
0 0.7890625 0.66015625 0.07421875 0.07421875
0 0.46875 0.37109375 0.07421875 0.08984375
0 0.34765625 0.5078125 0.078125 0.08984375
0 0.25 0.5625 0.0859375 0.10546875
0 0.0625 0.140625 0.07421875 0.1015625
0 0.078125 0.5859375 0.05859375 0.13671875
0 0.16796875 0.6640625 0.08984375 0.1328125
0 0.33203125 0.8828125 0.05078125 0.08984375
0 0.5 0.78125 0.1015625 0.1015625
0 0.6875 0.76953125 0.19140625 0.13671875