0 0.375 0.546875 0.05859375 0.0625
0 0.3359375 0.4453125 0.06640625 0.1015625
0 0.3671875 0.0703125 0.0625 0.05859375
0 0.29296875 0.046875 0.06640625 0.078125
0 0.0859375 0.6875 0.04296875 0.05859375
0 0.16015625 0.640625 0.046875 0.0625
0 0.59375 0.4140625 0.046875 0.0703125
0 0.7421875 0.53515625 0.0625 0.0859375
0 0.578125 0.59375 0.07421875 0.0859375
0 0.421875 0.734375 0.05859375 0.08203125
0 0.328125 0.69921875 0.0546875 0.05859375
0 0.328125 0.7578125 0.0546875 0.05859375
0 0.80078125 0.6484375 0.046875 0.0703125
0 0.7109375 0.7265625 0.04296875 0.078125
0 0.6953125 0.6328125 0.0234375 0.078125
0 0.6015625 0.68359375 0.0859375 0.1171875
0 0.703125 0.3671875 0.0546875 0.10546875
0 0.70703125 0.1953125 0.05859375 0.0703125
0 0.390625 0.23046875 0.0703125 0.1015625
0 0.625 0.0546875 0.0859375 0.078125
0 0.5078125 0.0234375 0.0390625 0.046875
0 0.1171875 0.53125 0.05078125 0.07421875
0 0.51953125 0.515625 0.05859375 0.078125