0 0.1875 0.26953125 0.0546875 0.0859375
0 0.171875 0.390625 0.05078125 0.06640625
0 0.34375 0.2265625 0.04296875 0.06640625
0 0.5859375 0.35546875 0.05859375 0.08984375
0 0.609375 0.4375 0.078125 0.078125
0 0.671875 0.328125 0.05859375 0.0625
0 0.6328125 0.28125 0.04296875 0.05078125
0 0.5859375 0.2265625 0.04296875 0.0703125
0 0.75390625 0.42578125 0.0390625 0.078125
0 0.73828125 0.328125 0.06640625 0.0859375
0 0.71484375 0.50390625 0.05078125 0.07421875
0 0.6328125 0.53125 0.08984375 0.125
0 0.625 0.2109375 0.046875 0.0859375
0 0.484375 0.2421875 0.0703125 0.07421875
0 0.546875 0.28125 0.0703125 0.10546875