0 0.85546875 0.49609375 0.05078125 0.06640625
0 0.79296875 0.5234375 0.046875 0.0625
0 0.73046875 0.5 0.05859375 0.07421875
0 0.7890625 0.35546875 0.05859375 0.0703125
0 0.78515625 0.2890625 0.0625 0.06640625
0 0.55078125 0.2265625 0.05078125 0.06640625
0 0.53125 0.4140625 0.0390625 0.0703125
0 0.2265625 0.26953125 0.046875 0.06640625
0 0.5390625 0.734375 0.06640625 0.09375
0 0.34375 0.671875 0.0703125 0.0859375
0 0.6328125 0.5078125 0.05859375 0.05078125
0 0.62890625 0.59765625 0.05859375 0.0625
0 0.52734375 0.6015625 0.046875 0.07421875
0 0.57421875 0.51953125 0.06640625 0.06640625
0 0.6796875 0.27734375 0.04296875 0.0703125
0 0.328125 0.1484375 0.0546875 0.05859375
0 0.171875 0.20703125 0.0546875 0.08203125
0 0.453125 0.2890625 0.05078125 0.07421875
0 0.34375 0.4375 0.046875 0.05859375
0 0.3125 0.50390625 0.05078125 0.05859375
0 0.265625 0.51171875 0.04296875 0.05078125
0 0.21484375 0.484375 0.0625 0.1015625
0 0.1640625 0.703125 0.05859375 0.1015625
0 0.203125 0.7890625 0.0703125 0.11328125
0 0.41015625 0.7890625 0.06640625 0.078125
0 0.2578125 0.8046875 0.04296875 0.05859375
0 0.3203125 0.28125 0.0625 0.08203125
0 0.5546875 0.3125 0.0703125 0.05859375
0 0.7734375 0.453125 0.05078125 0.0625
0 0.859375 0.3828125 0.05078125 0.05859375
0 0.81640625 0.44140625 0.03515625 0.0546875
0 0.73046875 0.64453125 0.0546875 0.07421875
0 0.6328125 0.734375 0.08203125 0.0703125
0 0.2265625 0.0546875 0.03515625 0.0625
0 0.25 0.109375 0.05078125 0.0546875
0 0.2734375 0.04296875 0.0625 0.078125
0 0.2890625 0.140625 0.0390625 0.078125
0 0.56640625 0.0546875 0.04296875 0.07421875
0 0.4375 0.61328125 0.12109375 0.27734375