0 0.515625 0.109375 0.05859375 0.05078125
0 0.3984375 0.265625 0.0859375 0.140625
0 0.4765625 0.390625 0.0625 0.06640625
0 0.4296875 0.46875 0.0390625 0.04296875
0 0.8203125 0.296875 0.12890625 0.08984375
0 0.72265625 0.60546875 0.0546875 0.08203125
0 0.55078125 0.59375 0.05078125 0.06640625
0 0.5234375 0.56640625 0.03515625 0.0625
0 0.5 0.63671875 0.05078125 0.0546875
0 0.6171875 0.6171875 0.0625 0.09375
0 0.59375 0.703125 0.0546875 0.04296875
0 0.6328125 0.796875 0.0546875 0.08984375
0 0.6171875 0.8984375 0.0859375 0.08984375
0 0.7265625 0.9453125 0.0546875 0.046875
0 0.5234375 0.8125 0.07421875 0.15234375
0 0.41015625 0.80859375 0.04296875 0.09765625
0 0.47265625 0.96484375 0.046875 0.06640625
0 0.4296875 0.90625 0.04296875 0.07421875
0 0.39453125 0.8828125 0.046875 0.0625
0 0.40234375 0.953125 0.0390625 0.04296875
0 0.359375 0.8046875 0.046875 0.0703125
0 0.24609375 0.8125 0.05078125 0.08984375
0 0.14453125 0.7890625 0.046875 0.08203125
0 0.1796875 0.859375 0.04296875 0.0625
0 0.2265625 0.6953125 0.0703125 0.08203125
0 0.3984375 0.625 0.05078125 0.07421875
0 0.3515625 0.67578125 0.05859375 0.08203125
0 0.33984375 0.56640625 0.0546875 0.08984375
0 0.3828125 0.46875 0.0390625 0.07421875
0 0.28515625 0.55859375 0.046875 0.0546875
0 0.3046875 0.61328125 0.0390625 0.05078125
0 0.265625 0.5078125 0.0703125 0.0625
0 0.2421875 0.328125 0.05859375 0.05859375
0 0.2421875 0.22265625 0.05859375 0.078125
0 0.2421875 0.13671875 0.05859375 0.0703125
0 0.18359375 0.2421875 0.0546875 0.09375
0 0.203125 0.421875 0.05078125 0.125
0 0.09375 0.640625 0.0546875 0.109375
0 0.046875 0.421875 0.05078125 0.1015625
0 0.11328125 0.50390625 0.078125 0.1640625
0 0.30078125 0.140625 0.04296875 0.0703125
0 0.171875 0.3359375 0.06640625 0.09375
0 0.59375 0.3359375 0.08984375 0.1015625
0 0.67578125 0.3359375 0.07421875 0.07421875
0 0.8828125 0.65234375 0.05078125 0.06640625
0 0.87109375 0.89453125 0.02734375 0.04296875
0 0.84375 0.9453125 0.046875 0.05078125
0 0.81640625 0.875 0.0625 0.05078125
0 0.65625 0.6953125 0.05078125 0.0546875
0 0.75 0.7890625 0.14453125 0.1796875
0 0.7265625 0.6796875 0.06640625 0.07421875