0 0.4140625 0.0703125 0.13671875 0.140625
0 0.734375 0.1875 0.05859375 0.1015625
0 0.8984375 0.4609375 0.0703125 0.08203125
0 0.8125 0.53125 0.08984375 0.13671875
0 0.703125 0.68359375 0.08203125 0.109375
0 0.2890625 0.91796875 0.1015625 0.1640625
0 0.390625 0.8125 0.078125 0.09765625
0 0.55078125 0.7734375 0.05078125 0.1171875
0 0.4765625 0.8125 0.08984375 0.1171875
0 0.09765625 0.7734375 0.0859375 0.12890625
0 0.2109375 0.78515625 0.07421875 0.14453125
0 0.31640625 0.515625 0.08203125 0.12109375
0 0.25 0.4375 0.078125 0.13671875
0 0.5390625 0.53125 0.1015625 0.125
0 0.6328125 0.25 0.09375 0.125
0 0.8515625 0.34375 0.0859375 0.09375
0 0.9609375 0.1640625 0.0625 0.0859375
0 0.8984375 0.1015625 0.07421875 0.09375
0 0.1484375 0.1015625 0.07421875 0.1015625
0 0.2890625 0.0546875 0.0859375 0.09375
0 0.5859375 0.1015625 0.078125 0.08984375
0 0.3671875 0.27734375 0.078125 0.08984375
0 0.53515625 0.2578125 0.0625 0.12109375
0 0.5546875 0.40625 0.0703125 0.09375
0 0.76953125 0.3984375 0.0625 0.08984375
0 0.640625 0.58203125 0.10546875 0.1015625
0 0.73046875 0.8984375 0.078125 0.08203125
0 0.79296875 0.7265625 0.078125 0.10546875
0 0.890625 0.70703125 0.06640625 0.078125
0 0.15625 0.49609375 0.0546875 0.12109375