0 0.4375 0.2890625 0.08984375 0.11328125
0 0.53125 0.16015625 0.05859375 0.1015625
0 0.42578125 0.1640625 0.05859375 0.1015625
0 0.46875 0.39453125 0.08984375 0.08984375
0 0.078125 0.6640625 0.06640625 0.078125
0 0.71875 0.08203125 0.0859375 0.12109375
0 0.640625 0.1328125 0.05078125 0.0625
0 0.63671875 0.3984375 0.06640625 0.08984375
0 0.609375 0.5234375 0.07421875 0.0859375
0 0.765625 0.3125 0.0703125 0.1171875
0 0.75 0.4140625 0.046875 0.0625
0 0.4453125 0.640625 0.06640625 0.07421875
0 0.328125 0.76171875 0.08203125 0.09765625
0 0.29296875 0.859375 0.0703125 0.08203125
0 0.4921875 0.7265625 0.11328125 0.109375
0 0.37109375 0.92578125 0.109375 0.1171875
0 0.6796875 0.1953125 0.06640625 0.05859375
0 0.61328125 0.2265625 0.078125 0.06640625
0 0.0234375 0.23828125 0.04296875 0.1171875