0 0.6953125 0.296875 0.0546875 0.08984375
0 0.51171875 0.4375 0.05078125 0.06640625
0 0.12109375 0.109375 0.0703125 0.09765625
0 0.03515625 0.3046875 0.0546875 0.11328125
0 0.109375 0.2578125 0.046875 0.125
0 0.2890625 0.17578125 0.078125 0.15234375
0 0.24609375 0.421875 0.0703125 0.125
0 0.6875 0.7734375 0.06640625 0.078125
0 0.966796875 0.69140625 0.06640625 0.09375
0 0.9453125 0.515625 0.0859375 0.109375
0 0.84765625 0.625 0.0625 0.0703125
0 0.84375 0.5078125 0.08203125 0.1171875
0 0.296875 0.8046875 0.11328125 0.12109375
0 0.2265625 0.9296875 0.109375 0.140625
0 0.16796875 0.5859375 0.1484375 0.1328125
0 0.40234375 0.2734375 0.1328125 0.1953125
0 0.3359375 0.54296875 0.09375 0.19921875
0 0.4921875 0.0625 0.1015625 0.12109375
0 0.9140625 0.953125 0.05859375 0.08203125
0 0.96875 0.97265625 0.046875 0.0546875
0 0.9765625 0.8984375 0.04296875 0.046875
0 0.52734375 0.8203125 0.0625 0.08984375
0 0.34765625 0.05859375 0.13671875 0.08984375