0 0.453125 0.578125 0.06640625 0.1015625
0 0.2578125 0.69921875 0.10546875 0.11328125
0 0.078125 0.6796875 0.0625 0.09765625
0 0.70703125 0.5859375 0.078125 0.09375
0 0.6953125 0.8359375 0.08984375 0.09375
0 0.609375 0.8125 0.0703125 0.0703125
0 0.62890625 0.890625 0.07421875 0.109375
0 0.640625 0.96484375 0.05078125 0.0703125
0 0.7421875 0.94140625 0.09765625 0.1015625
0 0.5546875 0.3203125 0.06640625 0.08203125
0 0.6171875 0.3984375 0.0625 0.1015625
0 0.78125 0.35546875 0.0859375 0.0859375
0 0.6875 0.421875 0.1015625 0.1328125
0 0.515625 0.1484375 0.0859375 0.22265625
0 0.58984375 0.21484375 0.0625 0.078125
0 0.16015625 0.3203125 0.0625 0.09375
0 0.03125 0.421875 0.0546875 0.09375
0 0.75 0.66015625 0.04296875 0.0625
0 0.796875 0.703125 0.06640625 0.08984375
0 0.828125 0.625 0.0703125 0.0703125
0 0.84765625 0.765625 0.08203125 0.234375
0 0.875 0.9609375 0.078125 0.078125
0 0.3984375 0.7109375 0.05859375 0.08984375
0 0.828125 0.02734375 0.0703125 0.0546875
0 0.72265625 0.2265625 0.0703125 0.07421875
0 0.65625 0.19921875 0.04296875 0.06640625
0 0.6328125 0.1640625 0.03125 0.06640625
0 0.3671875 0.5 0.05078125 0.0703125
0 0.0546875 0.95703125 0.0390625 0.07421875
0 0.109375 0.97265625 0.05859375 0.0546875
0 0.44140625 0.86328125 0.0546875 0.06640625