0 0.65625 0.5859375 0.046875 0.0703125
0 0.7265625 0.36328125 0.0546875 0.0625
0 0.546875 0.703125 0.078125 0.1171875
0 0.3984375 0.8046875 0.04296875 0.0703125
0 0.34375 0.73828125 0.03515625 0.05859375
0 0.3671875 0.4140625 0.06640625 0.08203125
0 0.28125 0.4453125 0.0390625 0.06640625
0 0.23046875 0.4921875 0.0546875 0.05078125
0 0.3828125 0.296875 0.0390625 0.0625
0 0.46484375 0.1171875 0.02734375 0.046875
0 0.41796875 0.140625 0.04296875 0.05859375
0 0.4453125 0.09375 0.05859375 0.046875
0 0.6328125 0.03125 0.03515625 0.05078125
0 0.65625 0.5078125 0.03515625 0.04296875
0 0.58203125 0.4453125 0.03515625 0.0546875
0 0.6015625 0.3828125 0.03515625 0.0546875
0 0.546875 0.4765625 0.03125 0.03515625
0 0.5546875 0.421875 0.0390625 0.03125
0 0.74609375 0.765625 0.05859375 0.0625
0 0.15625 0.88671875 0.0390625 0.046875
0 0.1640625 0.828125 0.0390625 0.05859375
0 0.21875 0.765625 0.02734375 0.05859375
0 0.31640625 0.8828125 0.046875 0.07421875
0 0.84375 0.71484375 0.05078125 0.05859375
0 0.2890625 0.234375 0.04296875 0.0546875
0 0.31640625 0.14453125 0.03515625 0.05078125
0 0.4921875 0.2109375 0.03125 0.0625
0 0.640625 0.10546875 0.05078125 0.05859375
0 0.62890625 0.85546875 0.08984375 0.09765625