0 0.609375 0.41015625 0.05859375 0.078125
0 0.5546875 0.203125 0.05859375 0.09375
0 0.4453125 0.15625 0.0703125 0.0859375
0 0.4296875 0.0859375 0.078125 0.09375
0 0.4296875 0.03125 0.09375 0.0625
0 0.6328125 0.17578125 0.09375 0.0859375
0 0.5078125 0.3828125 0.10546875 0.125
0 0.3671875 0.40234375 0.07421875 0.09765625
0 0.30078125 0.1484375 0.05078125 0.0859375
0 0.3515625 0.1171875 0.06640625 0.078125
0 0.3046875 0.078125 0.09765625 0.08984375
0 0.3359375 0.03125 0.0703125 0.0625
0 0.26171875 0.36328125 0.0625 0.09765625
0 0.203125 0.234375 0.0625 0.12109375
0 0.21875 0.78515625 0.08203125 0.14453125
0 0.0703125 0.84375 0.0859375 0.10546875
0 0.57421875 0.6796875 0.08984375 0.09765625
0 0.4140625 0.78125 0.0625 0.08984375
0 0.3671875 0.6796875 0.06640625 0.10546875
0 0.3125 0.8359375 0.06640625 0.109375
0 0.0234375 0.4921875 0.046875 0.0859375
0 0.1640625 0.6015625 0.0703125 0.10546875
0 0.2578125 0.5234375 0.05078125 0.10546875
0 0.49609375 0.28125 0.11328125 0.08203125
0 0.625 0.265625 0.06640625 0.05859375
0 0.2109375 0.05078125 0.07421875 0.1015625