0 0.609375 0.328125 0.05078125 0.0703125
0 0.66796875 0.359375 0.05859375 0.04296875
0 0.6875 0.42578125 0.04296875 0.05078125
0 0.6328125 0.60546875 0.05859375 0.0625
0 0.671875 0.66796875 0.0703125 0.0703125
0 0.703125 0.5078125 0.046875 0.05859375
0 0.6875 0.5625 0.046875 0.0390625
0 0.7421875 0.46484375 0.05859375 0.046875
0 0.56640625 0.44921875 0.0390625 0.046875
0 0.4609375 0.7421875 0.03515625 0.07421875
0 0.33203125 0.93359375 0.0625 0.08203125
0 0.671875 0.265625 0.0546875 0.0625
0 0.546875 0.3828125 0.05078125 0.04296875
0 0.59375 0.4296875 0.0390625 0.046875