0 0.296875 0.0703125 0.0859375 0.140625
0 0.5234375 0.171875 0.07421875 0.1171875
0 0.4140625 0.25 0.09765625 0.09375
0 0.81640625 0.359375 0.08984375 0.12109375
0 0.796875 0.109375 0.12109375 0.1015625
0 0.71875 0.23828125 0.0625 0.11328125
0 0.6640625 0.28125 0.05078125 0.11328125
0 0.59765625 0.25 0.08984375 0.16015625
0 0.6328125 0.1015625 0.08203125 0.14453125
0 0.58984375 0.5 0.109375 0.11328125
0 0.75390625 0.5546875 0.06640625 0.1015625
0 0.82421875 0.5625 0.08984375 0.07421875
0 0.5078125 0.6953125 0.05859375 0.1484375
0 0.2734375 0.9375 0.06640625 0.10546875
0 0.58984375 0.375 0.09375 0.1015625
0 0.6875 0.375 0.109375 0.1328125