0 0.765625 0.1015625 0.03125 0.0625
0 0.734375 0.11328125 0.03515625 0.046875
0 0.578125 0.59765625 0.03515625 0.0625
0 0.4765625 0.63671875 0.0390625 0.0625
0 0.390625 0.703125 0.078125 0.14453125
0 0.5078125 0.765625 0.11328125 0.08984375
0 0.3359375 0.421875 0.04296875 0.04296875
0 0.1640625 0.38671875 0.05078125 0.09375
0 0.1171875 0.328125 0.046875 0.09375
0 0.25 0.6015625 0.0234375 0.0390625
0 0.3125 0.6171875 0.0390625 0.0625
0 0.515625 0.51953125 0.03515625 0.0390625
0 0.4765625 0.54296875 0.04296875 0.046875
0 0.703125 0.3359375 0.05078125 0.06640625
0 0.6484375 0.265625 0.05859375 0.0546875
0 0.6640625 0.9765625 0.03515625 0.04296875