0 0.51171875 0.15234375 0.05859375 0.08203125
0 0.8671875 0.1875 0.07421875 0.09375
0 0.87890625 0.3046875 0.07421875 0.0859375
0 0.8671875 0.0703125 0.0546875 0.07421875
0 0.36328125 0.61328125 0.046875 0.08984375
0 0.296875 0.60546875 0.08984375 0.11328125
0 0.53515625 0.54296875 0.07421875 0.0859375
0 0.46875 0.7421875 0.06640625 0.07421875
0 0.1953125 0.703125 0.05859375 0.09765625
0 0.22265625 0.76953125 0.05859375 0.10546875
0 0.125 0.6171875 0.08984375 0.14453125
0 0.0390625 0.109375 0.06640625 0.17578125
0 0.8359375 0.4921875 0.06640625 0.0703125
0 0.7578125 0.6015625 0.109375 0.1015625
0 0.7109375 0.7109375 0.07421875 0.078125
0 0.625 0.78515625 0.08203125 0.109375
0 0.796875 0.71875 0.1015625 0.1171875
0 0.982421875 0.29296875 0.03515625 0.1015625
0 0.9609375 0.41015625 0.07421875 0.08984375
0 0.9453125 0.0625 0.046875 0.08984375
0 0.875 0.578125 0.11328125 0.10546875
0 0.234375 0.49609375 0.10546875 0.12109375