0 0.59375 0.18359375 0.0546875 0.0703125
0 0.671875 0.2421875 0.05078125 0.0625
0 0.609375 0.3203125 0.05859375 0.078125
0 0.59765625 0.3984375 0.046875 0.0703125
0 0.5390625 0.375 0.0546875 0.0859375
0 0.5859375 0.6875 0.0390625 0.06640625
0 0.45703125 0.578125 0.04296875 0.0546875
0 0.51953125 0.6875 0.0390625 0.0546875
0 0.53515625 0.7578125 0.03125 0.05078125
0 0.4609375 0.8828125 0.05859375 0.08203125
0 0.5390625 0.8203125 0.046875 0.0546875
0 0.28125 0.90234375 0.0390625 0.0625
0 0.3984375 0.37890625 0.0546875 0.0625