0 0.7109375 0.90625 0.05078125 0.0546875
0 0.671875 0.84375 0.04296875 0.05859375
0 0.66796875 0.73046875 0.0390625 0.05859375
0 0.68359375 0.640625 0.05078125 0.04296875
0 0.46484375 0.703125 0.046875 0.05078125
0 0.515625 0.66796875 0.0390625 0.078125
0 0.5 0.5234375 0.0703125 0.1171875
0 0.6015625 0.50390625 0.09765625 0.1171875
0 0.55078125 0.359375 0.09375 0.1484375
0 0.7109375 0.359375 0.0625 0.07421875
0 0.859375 0.34375 0.06640625 0.06640625
0 0.953125 0.69140625 0.09375 0.18359375
0 0.75 0.96875 0.05078125 0.0625
0 0.375 0.8671875 0.0390625 0.07421875
0 0.5 0.2421875 0.09375 0.10546875
0 0.93359375 0.30859375 0.05078125 0.07421875