0 0.7734375 0.8125 0.03125 0.046875
0 0.8515625 0.66796875 0.0703125 0.08984375
0 0.90234375 0.6484375 0.0546875 0.0703125
0 0.93359375 0.51953125 0.046875 0.0390625
0 0.921875 0.4765625 0.046875 0.0390625
0 0.90625 0.3984375 0.0859375 0.109375
0 0.8515625 0.34375 0.07421875 0.1015625
0 0.2578125 0.45703125 0.06640625 0.0703125
0 0.265625 0.40625 0.046875 0.05859375
0 0.1875 0.46484375 0.0703125 0.125
0 0.29296875 0.8359375 0.01953125 0.0546875
0 0.25 0.8359375 0.03515625 0.0625
0 0.1171875 0.26171875 0.05859375 0.078125
0 0.078125 0.24609375 0.03515625 0.0625
0 0.0625 0.3046875 0.0390625 0.07421875
0 0.11328125 0.49609375 0.046875 0.078125
0 0.359375 0.48828125 0.03515625 0.04296875
0 0.974609375 0.24609375 0.05078125 0.0703125
0 0.8125 0.46875 0.05859375 0.0859375
0 0.875 0.265625 0.05078125 0.09375