0 0.359375 0.16015625 0.0625 0.09375
0 0.35546875 0.234375 0.09765625 0.08203125
0 0.46484375 0.1953125 0.07421875 0.140625
0 0.53125 0.2578125 0.0703125 0.1484375
0 0.359375 0.375 0.0546875 0.09375
0 0.34375 0.3125 0.125 0.0859375
0 0.2734375 0.4140625 0.06640625 0.10546875
0 0.34375 0.53125 0.0625 0.1015625
0 0.6171875 0.7578125 0.05859375 0.0859375
0 0.4765625 0.55078125 0.08984375 0.1171875
0 0.4765625 0.40625 0.0859375 0.07421875
0 0.515625 0.0390625 0.0703125 0.078125
0 0.578125 0.125 0.04296875 0.07421875
0 0.6875 0.3515625 0.1171875 0.1484375
0 0.6484375 0.234375 0.0703125 0.0859375
0 0.7109375 0.1171875 0.05859375 0.08203125
0 0.59765625 0.3671875 0.1015625 0.19140625
0 0.65625 0.94140625 0.06640625 0.078125
0 0.8203125 0.921875 0.0546875 0.09765625
0 0.6796875 0.828125 0.05859375 0.078125
0 0.4296875 0.62109375 0.0546875 0.0703125
0 0.3828125 0.609375 0.06640625 0.078125
0 0.5703125 0.8671875 0.046875 0.0859375
0 0.5546875 0.7421875 0.0625 0.125
0 0.26953125 0.03125 0.06640625 0.0625
0 0.6171875 0.4765625 0.0703125 0.06640625
0 0.3828125 0.7265625 0.07421875 0.07421875
0 0.484375 0.84375 0.09765625 0.08203125
0 0.22265625 0.16015625 0.078125 0.12109375