0 0.515625 0.140625 0.0546875 0.09375
0 0.2734375 0.0703125 0.07421875 0.06640625
0 0.3984375 0.30859375 0.08203125 0.06640625
0 0.5 0.37890625 0.0390625 0.0625
0 0.4375 0.42578125 0.05859375 0.0546875
0 0.5625 0.390625 0.07421875 0.109375
0 0.734375 0.234375 0.03515625 0.0625
0 0.78515625 0.171875 0.04296875 0.06640625
0 0.609375 0.203125 0.0546875 0.0546875
0 0.75390625 0.41015625 0.0546875 0.078125
0 0.6484375 0.3515625 0.03515625 0.0546875
0 0.546875 0.6015625 0.06640625 0.1640625
0 0.6015625 0.625 0.07421875 0.078125
0 0.78515625 0.73046875 0.05859375 0.08203125
0 0.7578125 0.625 0.0703125 0.140625
0 0.6640625 0.796875 0.171875 0.1796875
0 0.4375 0.859375 0.0546875 0.07421875
0 0.46484375 0.7890625 0.0703125 0.07421875
0 0.25 0.8203125 0.06640625 0.08203125
0 0.78125 0.8203125 0.08203125 0.06640625
0 0.7734375 0.8984375 0.06640625 0.0546875
0 0.5859375 0.49609375 0.07421875 0.09375
0 0.49609375 0.046875 0.07421875 0.08984375
0 0.3984375 0.0703125 0.0625 0.07421875
0 0.73828125 0.3046875 0.046875 0.0546875
0 0.8046875 0.34375 0.0390625 0.05859375
0 0.8359375 0.2578125 0.07421875 0.1015625
0 0.828125 0.5234375 0.0625 0.125
0 0.68359375 0.48828125 0.078125 0.12890625
0 0.890625 0.3203125 0.07421875 0.06640625
0 0.9375 0.2578125 0.0703125 0.0703125