0 0.703125 0.359375 0.0546875 0.0546875
0 0.62109375 0.5546875 0.046875 0.078125
0 0.4375 0.4453125 0.05859375 0.08203125
0 0.5 0.359375 0.05859375 0.06640625
0 0.3984375 0.328125 0.0703125 0.0859375
0 0.421875 0.234375 0.0625 0.078125
0 0.671875 0.546875 0.05859375 0.08203125
0 0.7109375 0.46484375 0.0546875 0.078125
0 0.26953125 0.671875 0.046875 0.0625
0 0.328125 0.52734375 0.03515625 0.0859375
0 0.328125 0.84375 0.0546875 0.08203125
0 0.2578125 0.7890625 0.046875 0.08203125
0 0.16796875 0.69140625 0.04296875 0.0703125
0 0.359375 0.7265625 0.04296875 0.04296875
0 0.3125 0.75 0.03515625 0.05078125
0 0.765625 0.7109375 0.04296875 0.04296875
0 0.2578125 0.40234375 0.046875 0.06640625
0 0.6328125 0.0859375 0.04296875 0.06640625