0 0.3046875 0.3828125 0.05859375 0.1015625
0 0.25 0.3125 0.05859375 0.0703125
0 0.51953125 0.3359375 0.0859375 0.09375
0 0.2109375 0.8046875 0.0625 0.08203125
0 0.1171875 0.66796875 0.078125 0.08203125
0 0.8125 0.5078125 0.05859375 0.046875
0 0.4453125 0.51171875 0.0703125 0.05078125
0 0.125 0.2421875 0.05859375 0.08203125
0 0.27734375 0.4765625 0.0703125 0.0703125
0 0.734375 0.3671875 0.05859375 0.078125
0 0.74609375 0.234375 0.0546875 0.05078125
0 0.546875 0.8046875 0.0546875 0.05859375
0 0.734375 0.75 0.05078125 0.0546875