0 0.8125 0.421875 0.07421875 0.10546875
0 0.7421875 0.42578125 0.06640625 0.09765625
0 0.71484375 0.5859375 0.05859375 0.08984375
0 0.671875 0.51953125 0.08984375 0.07421875
0 0.5859375 0.9140625 0.109375 0.1640625
0 0.6875 0.71875 0.05859375 0.125
0 0.578125 0.71875 0.11328125 0.15625
0 0.5546875 0.546875 0.1328125 0.19921875
0 0.4375 0.71875 0.05859375 0.1328125
0 0.435546875 0.935546875 0.12890625 0.12890625
0 0.359375 0.70703125 0.1171875 0.28125
0 0.2421875 0.95703125 0.0390625 0.07421875
0 0.48828125 0.2734375 0.0859375 0.1328125
0 0.390625 0.3125 0.08984375 0.10546875
0 0.2421875 0.8515625 0.05859375 0.0859375
0 0.84375 0.7734375 0.09765625 0.12109375
0 0.9296875 0.93359375 0.11328125 0.1328125
0 0.9453125 0.4140625 0.08203125 0.09765625