0 0.78125 0.421875 0.0390625 0.05859375
0 0.58203125 0.18359375 0.0859375 0.08203125
0 0.4921875 0.328125 0.06640625 0.0625
0 0.453125 0.375 0.04296875 0.05078125
0 0.43359375 0.3203125 0.0546875 0.0546875
0 0.4453125 0.5 0.05859375 0.0625
0 0.4765625 0.6875 0.0546875 0.05078125
0 0.38671875 0.6640625 0.04296875 0.0546875
0 0.34375 0.625 0.0546875 0.06640625
0 0.2890625 0.546875 0.109375 0.078125
0 0.3359375 0.2421875 0.0625 0.1171875
0 0.25 0.25 0.09375 0.16796875
0 0.296875 0.3828125 0.08203125 0.109375
0 0.2265625 0.390625 0.0703125 0.0703125
0 0.3046875 0.46875 0.109375 0.07421875
0 0.375 0.3671875 0.078125 0.13671875
0 0.6796875 0.67578125 0.05078125 0.0390625
0 0.546875 0.5625 0.07421875 0.06640625
0 0.4453125 0.8359375 0.0546875 0.08203125
0 0.3125 0.7734375 0.0703125 0.1015625
0 0.765625 0.625 0.05859375 0.05859375
0 0.7421875 0.71875 0.05859375 0.04296875
0 0.7265625 0.91796875 0.0625 0.05859375
0 0.59765625 0.75 0.0625 0.0703125
0 0.91796875 0.31640625 0.05859375 0.0703125
0 0.859375 0.6640625 0.04296875 0.0703125
0 0.8828125 0.7109375 0.078125 0.07421875
0 0.8203125 0.953125 0.04296875 0.07421875
0 0.9375 0.7265625 0.04296875 0.07421875
0 0.2265625 0.80078125 0.046875 0.04296875
0 0.6171875 0.625 0.0625 0.0703125
0 0.4453125 0.23046875 0.078125 0.0859375
0 0.623046875 0.0234375 0.05859375 0.046875
0 0.73828125 0.07421875 0.09375 0.07421875
0 0.83984375 0.34375 0.05859375 0.0625
0 0.71484375 0.31640625 0.06640625 0.11328125
0 0.5 0.453125 0.0390625 0.06640625