0 0.56640625 0.65234375 0.046875 0.0703125
0 0.38671875 0.515625 0.0546875 0.05078125
0 0.46875 0.546875 0.03515625 0.08203125
0 0.58203125 0.4375 0.05859375 0.07421875
0 0.66796875 0.36328125 0.0390625 0.03515625
0 0.671875 0.25 0.0703125 0.09765625
0 0.60546875 0.1484375 0.08203125 0.0859375
0 0.46484375 0.21484375 0.078125 0.11328125
0 0.33203125 0.1328125 0.05859375 0.07421875
0 0.3203125 0.1953125 0.0546875 0.0625
0 0.15625 0.5625 0.04296875 0.09375
0 0.10546875 0.5234375 0.05078125 0.0625
0 0.19921875 0.69140625 0.0625 0.0859375
0 0.15234375 0.765625 0.07421875 0.0859375
0 0.33984375 0.7890625 0.05859375 0.0703125
0 0.453125 0.703125 0.0546875 0.0625
0 0.4140625 0.65625 0.0703125 0.07421875
0 0.7265625 0.36328125 0.046875 0.0625
0 0.796875 0.140625 0.0546875 0.078125
0 0.9140625 0.171875 0.05078125 0.0859375
0 0.8125 0.21875 0.0703125 0.0859375
0 0.8359375 0.3203125 0.0859375 0.0859375
0 0.5625 0.94140625 0.0703125 0.08984375
0 0.8125 0.90625 0.0546875 0.09765625
0 0.828125 0.8125 0.06640625 0.09765625
0 0.80078125 0.703125 0.07421875 0.09765625
0 0.8046875 0.484375 0.0625 0.07421875
0 0.8828125 0.3828125 0.0546875 0.0703125
0 0.890625 0.4921875 0.0859375 0.12109375
0 0.65625 0.625 0.0390625 0.06640625
0 0.328125 0.0234375 0.08984375 0.046875
0 0.90234375 0.3046875 0.0546875 0.0625
0 0.421875 0.9609375 0.0390625 0.05859375
0 0.79296875 0.6015625 0.05078125 0.078125
0 0.1953125 0.08203125 0.07421875 0.078125
0 0.0546875 0.19140625 0.0625 0.078125
0 0.546875 0.36328125 0.05859375 0.0703125
0 0.640625 0.7578125 0.03515625 0.046875
0 0.46875 0.8359375 0.0546875 0.0859375
0 0.234375 0.375 0.0703125 0.08984375