0 0.26171875 0.390625 0.07421875 0.05859375
0 0.3359375 0.46484375 0.0703125 0.125
0 0.6796875 0.40625 0.0703125 0.05859375
0 0.515625 0.6484375 0.0625 0.06640625
0 0.6640625 0.640625 0.06640625 0.0703125
0 0.28125 0.265625 0.05859375 0.05859375
0 0.34765625 0.2265625 0.06640625 0.0625
0 0.578125 0.19140625 0.05078125 0.04296875
0 0.703125 0.578125 0.0546875 0.0546875
0 0.5859375 0.546875 0.0546875 0.0546875
0 0.0390625 0.5546875 0.0390625 0.0625
0 0.3984375 0.8046875 0.03515625 0.04296875
0 0.6484375 0.765625 0.05078125 0.0625
0 0.75 0.609375 0.03515625 0.04296875
0 0.80859375 0.5625 0.08984375 0.09375
0 0.3359375 0.37890625 0.05859375 0.06640625
0 0.09375 0.421875 0.0625 0.0859375
0 0.140625 0.46875 0.0703125 0.08203125
0 0.6171875 0.390625 0.06640625 0.0703125