0 0.3984375 0.45703125 0.0546875 0.07421875
0 0.5703125 0.4921875 0.0546875 0.09375
0 0.5078125 0.671875 0.07421875 0.07421875
0 0.4921875 0.07421875 0.07421875 0.1015625
0 0.11328125 0.734375 0.05078125 0.078125
0 0.0703125 0.8046875 0.046875 0.09375
0 0.2265625 0.78125 0.046875 0.07421875
0 0.38671875 0.06640625 0.07421875 0.08984375
0 0.578125 0.0703125 0.07421875 0.109375
0 0.693359375 0.0390625 0.06640625 0.078125
0 0.88671875 0.234375 0.05859375 0.07421875
0 0.83984375 0.296875 0.1171875 0.125
0 0.8828125 0.8125 0.0859375 0.08203125
0 0.9609375 0.66015625 0.046875 0.07421875
0 0.828125 0.63671875 0.0625 0.07421875
0 0.453125 0.84765625 0.08984375 0.1171875
0 0.2578125 0.3046875 0.078125 0.12890625
0 0.328125 0.3203125 0.06640625 0.109375
0 0.4375 0.265625 0.12109375 0.12890625
0 0.6015625 0.1875 0.10546875 0.10546875
0 0.4296875 0.171875 0.140625 0.0859375
0 0.78515625 0.0625 0.09375 0.0859375
0 0.359375 0.5234375 0.0625 0.0546875
0 0.3046875 0.46875 0.0625 0.07421875