0 0.2265625 0.6875 0.03125 0.05859375
0 0.21875 0.55078125 0.03515625 0.05078125
0 0.625 0.87109375 0.0390625 0.05859375
0 0.67578125 0.921875 0.0390625 0.0546875
0 0.75 0.078125 0.0390625 0.0625
0 0.8046875 0.0703125 0.05078125 0.05859375
0 0.8359375 0.40625 0.07421875 0.06640625
0 0.8671875 0.453125 0.06640625 0.0859375
0 0.8359375 0.609375 0.07421875 0.1171875
0 0.09375 0.5625 0.03515625 0.08203125
0 0.0625 0.4921875 0.03515625 0.09375
0 0.14453125 0.41796875 0.046875 0.109375
0 0.078125 0.34375 0.01953125 0.1171875
0 0.0390625 0.359375 0.03125 0.1640625
0 0.29296875 0.7265625 0.046875 0.14453125