0 0.61328125 0.4296875 0.046875 0.0546875
0 0.20703125 0.5 0.05859375 0.06640625
0 0.203125 0.58984375 0.02734375 0.06640625
0 0.171875 0.58984375 0.03515625 0.07421875
0 0.30859375 0.6953125 0.0625 0.0625
0 0.54296875 0.5078125 0.06640625 0.0703125
0 0.6796875 0.265625 0.05078125 0.0625
0 0.765625 0.375 0.05859375 0.0546875
0 0.31640625 0.40625 0.04296875 0.05078125
0 0.3125 0.46875 0.04296875 0.05078125
0 0.30078125 0.53125 0.04296875 0.046875
0 0.375 0.421875 0.03125 0.0546875
0 0.140625 0.1640625 0.05078125 0.0625
0 0.15234375 0.28125 0.0390625 0.05078125
0 0.3046875 0.140625 0.0390625 0.05859375
0 0.50390625 0.2109375 0.0390625 0.0546875
0 0.6328125 0.1171875 0.0546875 0.05078125
0 0.71875 0.19140625 0.05859375 0.05078125
0 0.7734375 0.1484375 0.04296875 0.05078125
0 0.6640625 0.359375 0.0625 0.0859375
0 0.484375 0.6015625 0.0703125 0.0703125
0 0.44140625 0.4921875 0.06640625 0.06640625
0 0.484375 0.66796875 0.05078125 0.0546875
0 0.3828125 0.5859375 0.06640625 0.07421875
0 0.6015625 0.67578125 0.05078125 0.05859375
0 0.578125 0.74609375 0.0703125 0.06640625
0 0.7734375 0.6796875 0.0390625 0.0625
0 0.8203125 0.76953125 0.05078125 0.046875
0 0.671875 0.76171875 0.05859375 0.0703125
0 0.84375 0.421875 0.05859375 0.06640625
0 0.609375 0.5 0.05859375 0.06640625
0 0.65625 0.59375 0.07421875 0.09375
0 0.0546875 0.328125 0.04296875 0.07421875
0 0.0859375 0.5546875 0.0625 0.09765625
0 0.0703125 0.640625 0.04296875 0.05859375
0 0.08984375 0.62109375 0.03125 0.03125
0 0.0859375 0.6953125 0.0234375 0.03515625
0 0.46484375 0.3828125 0.08984375 0.1015625
0 0.4140625 0.30859375 0.06640625 0.0703125
0 0.5703125 0.40234375 0.07421875 0.0625
0 0.75390625 0.2890625 0.05859375 0.06640625
0 0.4921875 0.78125 0.0390625 0.04296875
0 0.3984375 0.734375 0.046875 0.05859375
0 0.2578125 0.7421875 0.046875 0.0625
0 0.734375 0.58203125 0.05078125 0.0703125
0 0.72265625 0.6640625 0.078125 0.0859375