0 0.71875 0.109375 0.07421875 0.08203125
0 0.765625 0.0390625 0.125 0.07421875
0 0.9296875 0.24609375 0.03515625 0.0546875
0 0.890625 0.296875 0.03515625 0.08203125
0 0.890625 0.17578125 0.05859375 0.06640625
0 0.8359375 0.2421875 0.05078125 0.0625
0 0.7890625 0.2578125 0.0390625 0.0625
0 0.625 0.23046875 0.05078125 0.05859375
0 0.7578125 0.1875 0.05078125 0.0625
0 0.7421875 0.265625 0.0390625 0.0546875
0 0.46875 0.42578125 0.06640625 0.09375
0 0.26171875 0.3515625 0.06640625 0.0703125
0 0.4609375 0.24609375 0.0390625 0.05078125
0 0.4296875 0.2734375 0.05078125 0.0625
0 0.328125 0.3984375 0.046875 0.06640625
0 0.609375 0.3515625 0.0625 0.07421875
0 0.60546875 0.4765625 0.05078125 0.0859375
0 0.2265625 0.640625 0.046875 0.10546875
0 0.2578125 0.5625 0.03125 0.06640625
0 0.421875 0.5859375 0.07421875 0.078125
0 0.453125 0.671875 0.04296875 0.0703125
0 0.44921875 0.8359375 0.04296875 0.0625
0 0.390625 0.859375 0.04296875 0.06640625
0 0.3828125 0.71875 0.0546875 0.1015625
0 0.28125 0.76953125 0.0390625 0.07421875
0 0.296875 0.8203125 0.046875 0.0546875
0 0.328125 0.859375 0.04296875 0.078125
0 0.609375 0.671875 0.05078125 0.0703125
0 0.734375 0.7109375 0.046875 0.0703125
0 0.7421875 0.640625 0.046875 0.0625
0 0.71875 0.5625 0.046875 0.05859375
0 0.93359375 0.56640625 0.04296875 0.0625
0 0.78125 0.63671875 0.04296875 0.05859375
0 0.8515625 0.5703125 0.0859375 0.15234375
0 0.98046875 0.32421875 0.03125 0.0625
0 0.94921875 0.3359375 0.02734375 0.0625
0 0.875 0.3828125 0.078125 0.08984375
0 0.984375 0.453125 0.03125 0.06640625
0 0.9375 0.63671875 0.04296875 0.046875
0 0.9140625 0.72265625 0.046875 0.05859375
0 0.9140625 0.78515625 0.046875 0.046875
0 0.8046875 0.734375 0.04296875 0.0703125
0 0.77734375 0.859375 0.05078125 0.05859375
0 0.6171875 0.734375 0.05859375 0.046875
0 0.5234375 0.8515625 0.05859375 0.1015625
0 0.5625 0.91796875 0.0390625 0.05078125
0 0.59375 0.97265625 0.05859375 0.0546875
0 0.5390625 0.96875 0.0390625 0.05859375
0 0.6640625 0.8984375 0.1171875 0.09375
0 0.8828125 0.84375 0.05078125 0.05078125
0 0.9765625 0.84375 0.04296875 0.05078125
0 0.8359375 0.9140625 0.0546875 0.05078125
0 0.265625 0.92578125 0.05859375 0.11328125
0 0.546875 0.6484375 0.08203125 0.10546875
0 0.515625 0.21484375 0.05859375 0.08984375
0 0.96484375 0.17578125 0.0703125 0.078125
0 0.88671875 0.94921875 0.0859375 0.0625
0 0.6796875 0.7265625 0.05078125 0.0625