0 0.484375 0.078125 0.05078125 0.08203125
0 0.55859375 0.38671875 0.05859375 0.07421875
0 0.5078125 0.296875 0.06640625 0.0859375
0 0.6171875 0.109375 0.0625 0.07421875
0 0.59375 0.2734375 0.06640625 0.07421875
0 0.62109375 0.4453125 0.0625 0.11328125
0 0.47265625 0.6015625 0.05078125 0.0625
0 0.6796875 0.9140625 0.0625 0.078125
0 0.60546875 0.8671875 0.06640625 0.08203125
0 0.734375 0.8671875 0.0546875 0.0859375
0 0.765625 0.390625 0.05859375 0.1015625
0 0.3828125 0.5546875 0.05078125 0.06640625
0 0.109375 0.68359375 0.0703125 0.1171875
0 0.2578125 0.71875 0.09765625 0.125
0 0.7421875 0.21875 0.05859375 0.09375
0 0.6875 0.4921875 0.05859375 0.1015625