0 0.6328125 0.11328125 0.05078125 0.06640625
0 0.5625 0.1015625 0.03125 0.046875
0 0.5234375 0.109375 0.02734375 0.03515625
0 0.4921875 0.09375 0.0546875 0.0390625
0 0.609375 0.0625 0.04296875 0.0703125
0 0.578125 0.0234375 0.0390625 0.04296875
0 0.5703125 0.5625 0.05078125 0.0625
0 0.6484375 0.6328125 0.0546875 0.0859375
0 0.65625 0.19921875 0.0625 0.0625
0 0.5703125 0.21875 0.05859375 0.0625
0 0.546875 0.2734375 0.0390625 0.046875
0 0.2890625 0.0390625 0.07421875 0.0625
0 0.05078125 0.11328125 0.0546875 0.0546875
0 0.234375 0.046875 0.03515625 0.0703125
0 0.203125 0.0703125 0.03125 0.0703125
0 0.2421875 0.20703125 0.06640625 0.08203125
0 0.359375 0.23828125 0.04296875 0.05859375
0 0.359375 0.1484375 0.0390625 0.0625
0 0.37890625 0.0546875 0.06640625 0.05859375
0 0.2890625 0.359375 0.06640625 0.08984375
0 0.61328125 0.390625 0.046875 0.0546875
0 0.6875 0.33984375 0.04296875 0.03515625
0 0.6640625 0.2890625 0.0625 0.0703125
0 0.5234375 0.40625 0.0625 0.08203125
0 0.4921875 0.4296875 0.03125 0.0625
0 0.453125 0.421875 0.046875 0.06640625
0 0.1015625 0.6953125 0.08984375 0.08984375
0 0.1796875 0.7890625 0.0390625 0.0546875
0 0.1796875 0.6640625 0.04296875 0.0625
0 0.171875 0.609375 0.0390625 0.046875
0 0.171875 0.5546875 0.046875 0.05078125
0 0.04296875 0.47265625 0.0390625 0.0625
0 0.2421875 0.57421875 0.0625 0.05078125
0 0.35546875 0.59375 0.03125 0.04296875
0 0.33984375 0.62890625 0.0390625 0.05078125
0 0.46484375 0.6953125 0.04296875 0.05078125
0 0.5234375 0.6796875 0.03515625 0.05078125
0 0.4921875 0.578125 0.05078125 0.03515625
0 0.4609375 0.6171875 0.0234375 0.0546875
0 0.7109375 0.58984375 0.05859375 0.03125
0 0.3359375 0.4296875 0.046875 0.0546875
0 0.4375 0.359375 0.03515625 0.05859375
0 0.171875 0.3359375 0.05078125 0.0546875
0 0.5078125 0.25390625 0.046875 0.0625
0 0.671875 0.41015625 0.03515625 0.04296875
0 0.40625 0.421875 0.04296875 0.0625
0 0.328125 0.484375 0.046875 0.0546875
0 0.4140625 0.75 0.07421875 0.06640625
0 0.2734375 0.67578125 0.0859375 0.09765625
0 0.38671875 0.5390625 0.07421875 0.078125
0 0.17578125 0.453125 0.15625 0.171875
0 0.42578125 0.21484375 0.046875 0.0546875
0 0.3984375 0.26953125 0.046875 0.03515625
0 0.1171875 0.140625 0.05859375 0.09375
0 0.046875 0.234375 0.05859375 0.16796875
0 0.5234375 0.734375 0.07421875 0.046875
0 0.5078125 0.80078125 0.04296875 0.07421875
0 0.4609375 0.8203125 0.03515625 0.0703125