0 0.5078125 0.171875 0.03515625 0.078125
0 0.42578125 0.203125 0.03125 0.0546875
0 0.4375 0.26171875 0.046875 0.05078125
0 0.3984375 0.25 0.0234375 0.0703125
0 0.375 0.2734375 0.03515625 0.0546875
0 0.46875 0.03125 0.03125 0.05078125
0 0.421875 0.109375 0.0390625 0.046875
0 0.484375 0.36328125 0.046875 0.05078125
0 0.484375 0.4453125 0.05078125 0.0625
0 0.390625 0.3984375 0.03125 0.04296875
0 0.43359375 0.546875 0.03125 0.05859375
0 0.359375 0.6796875 0.05078125 0.0703125
0 0.421875 0.734375 0.0546875 0.0625
0 0.50390625 0.7109375 0.046875 0.07421875
0 0.3671875 0.78125 0.03515625 0.046875
0 0.3671875 0.84765625 0.0390625 0.0546875
0 0.328125 0.828125 0.046875 0.04296875
0 0.65625 0.484375 0.0390625 0.046875
0 0.5703125 0.55078125 0.06640625 0.078125
0 0.484375 0.6484375 0.046875 0.06640625
0 0.29296875 0.3828125 0.05859375 0.08984375
0 0.40625 0.484375 0.07421875 0.0859375
0 0.296875 0.203125 0.06640625 0.08203125
0 0.2578125 0.609375 0.03515625 0.0703125
0 0.42578125 0.96875 0.046875 0.0625
0 0.5546875 0.8046875 0.06640625 0.07421875
0 0.375 0.58203125 0.0546875 0.06640625