0 0.671875 0.1796875 0.0546875 0.07421875
0 0.90625 0.2578125 0.09375 0.109375
0 0.75390625 0.7265625 0.0625 0.07421875
0 0.765625 0.375 0.09375 0.1015625
0 0.46484375 0.75 0.06640625 0.11328125
0 0.5234375 0.90234375 0.0546875 0.05078125
0 0.59375 0.8984375 0.046875 0.05859375
0 0.328125 0.83203125 0.03515625 0.0859375
0 0.53125 0.37890625 0.06640625 0.05078125
0 0.5546875 0.109375 0.05078125 0.05078125
0 0.5703125 0.171875 0.06640625 0.0703125
0 0.765625 0.2890625 0.08984375 0.0703125
0 0.875 0.1328125 0.0546875 0.07421875
0 0.81640625 0.08984375 0.07421875 0.08984375
0 0.59765625 0.7109375 0.08203125 0.0703125
0 0.85546875 0.6953125 0.08203125 0.08203125
0 0.9296875 0.640625 0.07421875 0.07421875
0 0.78515625 0.45703125 0.08203125 0.0703125
0 0.8984375 0.42578125 0.00390625 0.00390625
0 0.5234375 0.5234375 0.125 0.16796875