0 0.578125 0.640625 0.0546875 0.0703125
0 0.4765625 0.5234375 0.06640625 0.07421875
0 0.484375 0.59375 0.05859375 0.0703125
0 0.5703125 0.453125 0.05859375 0.0703125
0 0.69921875 0.5703125 0.0625 0.09765625
0 0.7421875 0.65625 0.0625 0.06640625
0 0.6484375 0.75 0.0546875 0.08203125
0 0.56640625 0.80078125 0.0859375 0.08984375
0 0.609375 0.8515625 0.05859375 0.0625
0 0.51171875 0.890625 0.0625 0.09375
0 0.26953125 0.734375 0.05859375 0.08984375
0 0.3515625 0.59375 0.046875 0.08203125
0 0.265625 0.5625 0.05078125 0.078125
0 0.18359375 0.515625 0.0625 0.078125
0 0.1640625 0.578125 0.0546875 0.0625
0 0.12109375 0.6796875 0.05078125 0.06640625
0 0.4375 0.4453125 0.05859375 0.0625
0 0.37890625 0.46875 0.0546875 0.08203125
0 0.8515625 0.77734375 0.05859375 0.05859375
0 0.71484375 0.8125 0.0703125 0.11328125
0 0.765625 0.8359375 0.0546875 0.07421875
0 0.6015625 0.59375 0.0390625 0.07421875
0 0.484375 0.6875 0.08203125 0.11328125
0 0.4453125 0.90234375 0.07421875 0.140625