0 0.75 0.19140625 0.0703125 0.0703125
0 0.77734375 0.28515625 0.05078125 0.08203125
0 0.734375 0.40625 0.06640625 0.1015625
0 0.8125 0.38671875 0.05859375 0.0703125
0 0.65625 0.453125 0.08203125 0.0625
0 0.62890625 0.5234375 0.05078125 0.078125
0 0.7109375 0.5390625 0.0625 0.06640625
0 0.83984375 0.54296875 0.04296875 0.0859375
0 0.79296875 0.53515625 0.0546875 0.046875
0 0.765625 0.6171875 0.06640625 0.05859375
0 0.7421875 0.7109375 0.0859375 0.0703125
0 0.64453125 0.6953125 0.09375 0.08984375
0 0.5625 0.5625 0.0859375 0.09375
0 0.5 0.5078125 0.0625 0.09375
0 0.4453125 0.484375 0.03125 0.0625
0 0.3359375 0.453125 0.05078125 0.0703125
0 0.25390625 0.5 0.078125 0.08984375
0 0.078125 0.3046875 0.03515625 0.0546875
0 0.1171875 0.3828125 0.03125 0.06640625
0 0.1640625 0.390625 0.03515625 0.0625
0 0.6953125 0.2890625 0.04296875 0.07421875
0 0.8671875 0.640625 0.05078125 0.0546875
0 0.921875 0.56640625 0.046875 0.05859375