0 0.14453125 0.1640625 0.09375 0.1640625
0 0.22265625 0.078125 0.0625 0.08203125
0 0.671875 0.76953125 0.06640625 0.09765625
0 0.703125 0.6953125 0.07421875 0.08984375
0 0.609375 0.8671875 0.04296875 0.08984375
0 0.74609375 0.8515625 0.11328125 0.06640625
0 0.609375 0.78125 0.05078125 0.07421875
0 0.5703125 0.5234375 0.08984375 0.1015625
0 0.484375 0.5078125 0.09765625 0.10546875
0 0.6875 0.3359375 0.1171875 0.14453125
0 0.69921875 0.453125 0.16015625 0.14453125
0 0.8359375 0.578125 0.078125 0.0859375
0 0.8125 0.51171875 0.07421875 0.08203125
0 0.8125 0.7890625 0.078125 0.0859375
0 0.515625 0.6484375 0.08984375 0.16796875
0 0.421875 0.046875 0.06640625 0.09375
0 0.65625 0.09375 0.05859375 0.0859375