0 0.3671875 0.5703125 0.15625 0.36328125
0 0.71484375 0.046875 0.0546875 0.07421875
0 0.50390625 0.5078125 0.09765625 0.1328125
0 0.62109375 0.7109375 0.046875 0.06640625
0 0.59765625 0.6484375 0.078125 0.08984375
0 0.421875 0.07421875 0.05859375 0.06640625
0 0.349609375 0.0234375 0.05078125 0.046875
0 0.37890625 0.140625 0.05078125 0.0703125
0 0.3984375 0.1875 0.0625 0.06640625
0 0.078125 0.2734375 0.046875 0.0859375
0 0.15625 0.37890625 0.0390625 0.046875
0 0.66015625 0.2421875 0.09765625 0.125
0 0.5625 0.1328125 0.05859375 0.0703125
0 0.875 0.59765625 0.04296875 0.0703125
0 0.7421875 0.4375 0.046875 0.0625
0 0.6875 0.4140625 0.046875 0.0546875
0 0.68359375 0.55859375 0.0546875 0.078125
0 0.82421875 0.234375 0.05078125 0.0546875
0 0.96484375 0.1953125 0.06640625 0.0703125
0 0.8671875 0.1015625 0.06640625 0.0625
0 0.9375 0.3828125 0.05859375 0.0625
0 0.7578125 0.33984375 0.05078125 0.078125