0 0.5234375 0.0625 0.1171875 0.125
0 0.46484375 0.3125 0.1015625 0.125
0 0.7265625 0.375 0.05078125 0.06640625
0 0.703125 0.44921875 0.0546875 0.07421875
0 0.64453125 0.44140625 0.0546875 0.1015625
0 0.609375 0.5625 0.09375 0.109375
0 0.734375 0.234375 0.05859375 0.078125
0 0.609375 0.18359375 0.109375 0.09765625
0 0.2890625 0.40625 0.05078125 0.078125
0 0.0390625 0.69140625 0.0390625 0.0703125
0 0.0234375 0.5078125 0.04296875 0.09375
0 0.171875 0.625 0.09765625 0.08984375
0 0.1328125 0.7265625 0.0859375 0.11328125
0 0.28125 0.9375 0.05078125 0.1015625
0 0.34375 0.8671875 0.0546875 0.11328125
0 0.53125 0.703125 0.08984375 0.109375
0 0.73828125 0.90625 0.1171875 0.10546875
0 0.796875 0.4296875 0.078125 0.13671875
0 0.83984375 0.30078125 0.1015625 0.1171875
0 0.2578125 0.09375 0.04296875 0.0859375
0 0.296875 0.1875 0.0859375 0.18359375
0 0.3984375 0.5703125 0.078125 0.1015625
0 0.4140625 0.6640625 0.09765625 0.09765625
0 0.8046875 0.8046875 0.08203125 0.0859375
0 0.80078125 0.62109375 0.12109375 0.13671875
0 0.6953125 0.734375 0.1171875 0.109375
0 0.6015625 0.8359375 0.1328125 0.1328125
0 0.88671875 0.7265625 0.125 0.10546875
0 0.875 0.5 0.0546875 0.09375
0 0.9375 0.3984375 0.0859375 0.10546875
0 0.875 0.1484375 0.06640625 0.07421875
0 0.4140625 0.84375 0.109375 0.10546875
0 0.1953125 0.9296875 0.1328125 0.140625
0 0.12109375 0.5234375 0.07421875 0.13671875
0 0.21875 0.4140625 0.07421875 0.171875
0 0.50390625 0.46875 0.0859375 0.15625