0 0.65625 0.703125 0.046875 0.0546875
0 0.7734375 0.6640625 0.04296875 0.05078125
0 0.34765625 0.7265625 0.05078125 0.04296875
0 0.32421875 0.78515625 0.05859375 0.0703125
0 0.4375 0.7421875 0.0859375 0.10546875
0 0.42578125 0.890625 0.1015625 0.09765625
0 0.5546875 0.93359375 0.0546875 0.05078125
0 0.5546875 0.86328125 0.0546875 0.0625
0 0.4375 0.46875 0.0546875 0.07421875
0 0.40625 0.46875 0.046875 0.07421875
0 0.3515625 0.4765625 0.05078125 0.046875
0 0.3046875 0.46875 0.05078125 0.06640625
0 0.31640625 0.5703125 0.0625 0.07421875
0 0.234375 0.49609375 0.05078125 0.0625
0 0.19921875 0.5 0.02734375 0.046875
0 0.19921875 0.5703125 0.0390625 0.0546875
0 0.453125 0.39453125 0.0703125 0.08203125
0 0.5859375 0.4140625 0.0625 0.06640625
0 0.765625 0.5234375 0.0703125 0.06640625
0 0.6875 0.46875 0.04296875 0.04296875
0 0.6953125 0.51953125 0.05859375 0.046875
0 0.71875 0.58203125 0.05859375 0.06640625
0 0.63671875 0.5859375 0.1015625 0.08203125
0 0.58984375 0.5390625 0.0546875 0.0546875
0 0.4765625 0.546875 0.0625 0.0546875
0 0.515625 0.6171875 0.1015625 0.0859375
0 0.390625 0.640625 0.0546875 0.0859375
0 0.375 0.53125 0.0625 0.0546875
0 0.23828125 0.734375 0.0703125 0.0859375
0 0.2265625 0.796875 0.04296875 0.04296875
0 0.5390625 0.73828125 0.0703125 0.0625
0 0.8125 0.71484375 0.06640625 0.06640625
0 0.7890625 0.921875 0.0546875 0.05078125
0 0.765625 0.8671875 0.05078125 0.05078125
0 0.63671875 0.8671875 0.05078125 0.046875
0 0.6171875 0.921875 0.06640625 0.06640625
0 0.7421875 0.78515625 0.06640625 0.0703125
0 0.68359375 0.78125 0.05078125 0.0859375
0 0.61328125 0.76953125 0.05859375 0.08203125
0 0.5390625 0.53125 0.07421875 0.078125
0 0.7890625 0.40234375 0.10546875 0.09765625