0 0.70703125 0.453125 0.0390625 0.078125
0 0.44140625 0.5 0.09375 0.1328125
0 0.3515625 0.4921875 0.0625 0.078125
0 0.12890625 0.3671875 0.05859375 0.10546875
0 0.14453125 0.4921875 0.05078125 0.08984375
0 0.296875 0.87109375 0.09765625 0.1328125
0 0.48046875 0.8984375 0.078125 0.12109375
0 0.62890625 0.5859375 0.03125 0.0625
0 0.8359375 0.58203125 0.06640625 0.08984375
0 0.7265625 0.8359375 0.109375 0.14453125
0 0.640625 0.421875 0.07421875 0.1015625
0 0.875 0.69921875 0.05859375 0.09375
0 0.91796875 0.5 0.1015625 0.140625
0 0.2734375 0.6328125 0.0703125 0.12109375