0 0.296875 0.796875 0.046875 0.06640625
0 0.234375 0.8359375 0.04296875 0.109375
0 0.4609375 0.609375 0.06640625 0.0859375
0 0.515625 0.66796875 0.0546875 0.07421875
0 0.56640625 0.671875 0.05078125 0.05078125
0 0.6328125 0.625 0.046875 0.0546875
0 0.58984375 0.5625 0.05078125 0.0546875
0 0.5546875 0.53125 0.046875 0.05078125
0 0.72265625 0.515625 0.05859375 0.0390625
0 0.6796875 0.4609375 0.05859375 0.06640625
0 0.625 0.41015625 0.03515625 0.08203125
0 0.734375 0.17578125 0.0390625 0.05859375
0 0.5078125 0.109375 0.06640625 0.05859375
0 0.2890625 0.4375 0.0546875 0.07421875
0 0.3203125 0.5390625 0.0546875 0.07421875
0 0.2421875 0.55078125 0.05078125 0.07421875
0 0.18359375 0.60546875 0.04296875 0.07421875
0 0.1796875 0.46875 0.046875 0.078125
0 0.578125 0.1640625 0.05078125 0.0546875
0 0.1953125 0.109375 0.0390625 0.06640625
0 0.2265625 0.71875 0.05078125 0.0625
0 0.734375 0.9375 0.05078125 0.0390625
0 0.7578125 0.7734375 0.15234375 0.11328125
0 0.7109375 0.62109375 0.06640625 0.0546875
0 0.703125 0.71484375 0.125 0.12109375
0 0.609375 0.71875 0.05859375 0.07421875
0 0.5 0.47265625 0.08203125 0.0859375
0 0.50390625 0.328125 0.06640625 0.125
0 0.6796875 0.25390625 0.0703125 0.07421875
0 0.90625 0.1328125 0.06640625 0.08984375
0 0.0546875 0.734375 0.0390625 0.0703125
0 0.484375 0.75 0.078125 0.08203125
0 0.54296875 0.84375 0.0703125 0.078125
0 0.63671875 0.8125 0.0703125 0.0859375