0 0.703125 0.2109375 0.0546875 0.078125
0 0.6328125 0.2109375 0.05859375 0.08984375
0 0.625 0.421875 0.046875 0.06640625
0 0.58984375 0.5 0.05859375 0.08203125
0 0.4296875 0.6328125 0.05078125 0.10546875
0 0.515625 0.578125 0.0390625 0.06640625
0 0.46875 0.6015625 0.04296875 0.06640625
0 0.3203125 0.546875 0.07421875 0.12109375
0 0.5546875 0.7578125 0.05859375 0.09375
0 0.4921875 0.765625 0.0625 0.09765625
0 0.40625 0.94921875 0.0546875 0.078125
0 0.62109375 0.3203125 0.0546875 0.08203125
0 0.6953125 0.3671875 0.0859375 0.08203125
0 0.763671875 0.0390625 0.06640625 0.078125
0 0.69140625 0.04296875 0.09375 0.0859375
0 0.5625 0.59375 0.08203125 0.09765625
0 0.15625 0.1328125 0.05078125 0.0625
0 0.171875 0.078125 0.05078125 0.05859375
0 0.140625 0.02734375 0.0625 0.0546875
0 0.1015625 0.43359375 0.046875 0.09765625
0 0.4609375 0.234375 0.0625 0.046875