0 0.19140625 0.10546875 0.03515625 0.0625
0 0.203125 0.3203125 0.05859375 0.0859375
0 0.3828125 0.6171875 0.046875 0.05078125
0 0.328125 0.578125 0.05859375 0.078125
0 0.296875 0.6484375 0.09765625 0.07421875
0 0.3125 0.734375 0.0703125 0.08203125
0 0.3984375 0.70703125 0.1015625 0.12109375
0 0.8671875 0.2578125 0.078125 0.09375
0 0.4921875 0.75390625 0.0625 0.08984375
0 0.46484375 0.859375 0.09375 0.08984375
0 0.8046875 0.59375 0.0859375 0.140625
0 0.91015625 0.375 0.09375 0.10546875
0 0.3046875 0.40234375 0.06640625 0.1015625
0 0.14453125 0.203125 0.0703125 0.08203125