0 0.296875 0.78125 0.05859375 0.10546875
0 0.5546875 0.4296875 0.05078125 0.0625
0 0.5390625 0.4921875 0.07421875 0.0703125
0 0.546875 0.3515625 0.05859375 0.07421875
0 0.4921875 0.3359375 0.07421875 0.0703125
0 0.41796875 0.33203125 0.07421875 0.0859375
0 0.30859375 0.171875 0.05078125 0.07421875
0 0.40234375 0.140625 0.0546875 0.07421875
0 0.28125 0.46875 0.0546875 0.0703125
0 0.3203125 0.578125 0.046875 0.1171875
0 0.41796875 0.5 0.05859375 0.140625
0 0.546875 0.6953125 0.0703125 0.0859375
0 0.62890625 0.55859375 0.04296875 0.06640625
0 0.703125 0.453125 0.07421875 0.07421875
0 0.7578125 0.2421875 0.078125 0.0625
0 0.70703125 0.3203125 0.05859375 0.0546875
0 0.6640625 0.67578125 0.0390625 0.08203125
0 0.796875 0.828125 0.0625 0.078125
0 0.63671875 0.77734375 0.046875 0.046875
0 0.453125 0.6875 0.0703125 0.05078125
0 0.703125 0.1953125 0.0546875 0.0625
0 0.33203125 0.2734375 0.07421875 0.0859375