0 0.63671875 0.2265625 0.04296875 0.07421875
0 0.8046875 0.25 0.05078125 0.0546875
0 0.75 0.43359375 0.05078125 0.0625
0 0.6875 0.46875 0.04296875 0.0703125
0 0.6640625 0.82421875 0.0546875 0.07421875
0 0.421875 0.3515625 0.06640625 0.125
0 0.55859375 0.3046875 0.08203125 0.08984375
0 0.46875 0.9375 0.03515625 0.078125
0 0.83203125 0.7578125 0.07421875 0.0859375
0 0.921875 0.7734375 0.05078125 0.078125
0 0.9765625 0.453125 0.046875 0.0859375
0 0.796875 0.046875 0.11328125 0.08984375
0 0.87890625 0.265625 0.07421875 0.10546875
0 0.39453125 0.140625 0.05078125 0.08203125
0 0.9140625 0.9140625 0.0390625 0.0703125
0 0.875 0.4609375 0.08203125 0.11328125
0 0.7109375 0.38671875 0.06640625 0.09375