0 0.453125 0.3515625 0.1015625 0.12109375
0 0.40625 0.21875 0.07421875 0.1328125
0 0.609375 0.20703125 0.11328125 0.1015625
0 0.52734375 0.1875 0.0625 0.11328125
0 0.69140625 0.13671875 0.09375 0.0703125
0 0.71875 0.22265625 0.0859375 0.1171875
0 0.671875 0.3515625 0.12109375 0.09765625
0 0.64453125 0.296875 0.07421875 0.08203125
0 0.58984375 0.3828125 0.0546875 0.0859375
0 0.52734375 0.359375 0.078125 0.06640625
0 0.5078125 0.4375 0.0859375 0.0859375
0 0.59375 0.47265625 0.10546875 0.0859375
0 0.625 0.6015625 0.12109375 0.13671875
0 0.5 0.5625 0.1171875 0.14453125
0 0.9296875 0.12109375 0.1015625 0.125
0 0.375 0.828125 0.05859375 0.10546875
0 0.421875 0.640625 0.0859375 0.09765625