0 0.19921875 0.44921875 0.078125 0.12109375
0 0.1484375 0.26953125 0.06640625 0.125
0 0.23828125 0.33984375 0.05078125 0.09765625
0 0.265625 0.1171875 0.05859375 0.09375
0 0.6875 0.140625 0.0859375 0.109375
0 0.7578125 0.2109375 0.08203125 0.11328125
0 0.625 0.4921875 0.08203125 0.0859375
0 0.8203125 0.6328125 0.07421875 0.09375
0 0.65234375 0.84375 0.08203125 0.1171875
0 0.2109375 0.83203125 0.0546875 0.09765625
0 0.1328125 0.75 0.0390625 0.11328125
0 0.0859375 0.6171875 0.03515625 0.1171875
0 0.0546875 0.48046875 0.046875 0.11328125
0 0.359375 0.7890625 0.1015625 0.12109375
0 0.4609375 0.8203125 0.05859375 0.078125
0 0.3515625 0.265625 0.0703125 0.12109375
0 0.3203125 0.19921875 0.0859375 0.125
0 0.44921875 0.46484375 0.0546875 0.12109375
0 0.3828125 0.4765625 0.0546875 0.109375
0 0.69140625 0.296875 0.07421875 0.10546875
0 0.703125 0.4140625 0.0546875 0.0703125
0 0.7578125 0.78515625 0.11328125 0.11328125
0 0.9296875 0.6875 0.00390625 0.00390625