0 0.61328125 0.53125 0.0390625 0.0546875
0 0.625 0.48828125 0.0390625 0.04296875
0 0.4609375 0.76953125 0.05078125 0.08203125
0 0.5234375 0.7578125 0.0625 0.07421875
0 0.56640625 0.796875 0.0625 0.08984375
0 0.640625 0.84375 0.05078125 0.07421875
0 0.359375 0.81640625 0.05859375 0.09765625
0 0.4375 0.47265625 0.05859375 0.08203125
0 0.4453125 0.5546875 0.0703125 0.0625
0 0.37890625 0.5546875 0.0390625 0.0703125
0 0.3125 0.5703125 0.04296875 0.07421875
0 0.2890625 0.6796875 0.05078125 0.078125
0 0.2578125 0.6484375 0.0546875 0.08984375
0 0.12890625 0.8828125 0.0390625 0.05859375
0 0.15234375 0.51171875 0.0546875 0.08203125
0 0.515625 0.66015625 0.04296875 0.06640625
0 0.48046875 0.6171875 0.04296875 0.0703125
0 0.44140625 0.66015625 0.0625 0.1015625
0 0.61328125 0.3671875 0.0625 0.08203125
0 0.5546875 0.5234375 0.04296875 0.07421875
0 0.7421875 0.65234375 0.04296875 0.06640625
0 0.6328125 0.765625 0.05078125 0.0546875
0 0.7265625 0.7578125 0.05859375 0.0625
0 0.6015625 0.640625 0.06640625 0.08203125