0 0.19140625 0.515625 0.046875 0.0625
0 0.140625 0.4453125 0.0703125 0.0859375
0 0.2421875 0.46484375 0.06640625 0.06640625
0 0.36328125 0.6015625 0.0703125 0.07421875
0 0.3125 0.7109375 0.1015625 0.08984375
0 0.26953125 0.5546875 0.04296875 0.07421875
0 0.21875 0.609375 0.046875 0.0703125
0 0.796875 0.484375 0.07421875 0.08984375
0 0.8046875 0.16796875 0.046875 0.078125
0 0.8515625 0.2734375 0.0546875 0.05859375
0 0.53125 0.53125 0.04296875 0.05078125
0 0.4453125 0.7109375 0.05078125 0.0703125
0 0.1484375 0.09375 0.04296875 0.07421875
0 0.140625 0.12890625 0.0390625 0.04296875
0 0.2265625 0.12109375 0.03125 0.05078125
0 0.11328125 0.19140625 0.046875 0.0703125
0 0.1640625 0.265625 0.04296875 0.08984375
0 0.296875 0.421875 0.015625 0.04296875
0 0.265625 0.41015625 0.03515625 0.05078125
0 0.390625 0.4921875 0.06640625 0.08984375
0 0.4609375 0.609375 0.09765625 0.08984375
0 0.640625 0.515625 0.046875 0.0546875
0 0.53125 0.7734375 0.03515625 0.04296875
0 0.34375 0.8046875 0.0625 0.0703125
0 0.95703125 0.328125 0.05859375 0.0703125
0 0.890625 0.3828125 0.05078125 0.06640625
0 0.796875 0.6484375 0.078125 0.11328125
0 0.1171875 0.3125 0.06640625 0.08984375
0 0.83984375 0.5546875 0.0703125 0.07421875
0 0.91015625 0.6015625 0.05859375 0.08984375
0 0.76953125 0.765625 0.05078125 0.05859375
0 0.8671875 0.109375 0.05859375 0.0703125
0 0.6328125 0.6015625 0.0546875 0.07421875