0 0.83984375 0.57421875 0.046875 0.0703125
0 0.8203125 0.76953125 0.11328125 0.12109375
0 0.60546875 0.640625 0.0859375 0.078125
0 0.6484375 0.6796875 0.08203125 0.09375
0 0.5390625 0.8125 0.15234375 0.19921875
0 0.3828125 0.828125 0.12109375 0.125
0 0.52734375 0.6640625 0.05859375 0.0859375
0 0.4765625 0.64453125 0.11328125 0.12890625
0 0.375 0.578125 0.125 0.08984375
0 0.4609375 0.4140625 0.05859375 0.0703125
0 0.6796875 0.4921875 0.06640625 0.06640625
0 0.80859375 0.484375 0.078125 0.0703125
0 0.890625 0.48046875 0.06640625 0.1015625
0 0.78515625 0.640625 0.09375 0.05078125
0 0.859375 0.1015625 0.0625 0.046875
0 0.65625 0.1015625 0.078125 0.07421875
0 0.625 0.265625 0.078125 0.0546875
0 0.1328125 0.26953125 0.06640625 0.1171875
0 0.2421875 0.609375 0.0390625 0.06640625
0 0.17578125 0.5859375 0.03125 0.0625
0 0.08984375 0.6328125 0.12109375 0.1640625
0 0.0234375 0.46484375 0.046875 0.09765625
0 0.265625 0.5 0.09375 0.11328125
0 0.1328125 0.38671875 0.0703125 0.1015625
0 0.078125 0.3515625 0.046875 0.06640625
0 0.25 0.31640625 0.0703125 0.0859375
0 0.3515625 0.33203125 0.06640625 0.07421875
0 0.55859375 0.43359375 0.08984375 0.1171875
0 0.76171875 0.4140625 0.0390625 0.0546875
0 0.84765625 0.359375 0.0390625 0.05859375
0 0.8125 0.40234375 0.0390625 0.0546875
0 0.7421875 0.72265625 0.0859375 0.08984375
0 0.9375 0.6171875 0.125 0.13671875
0 0.90625 0.33203125 0.09375 0.1484375
0 0.43359375 0.34375 0.0625 0.1328125
0 0.3671875 0.4921875 0.125 0.10546875
0 0.078125 0.7890625 0.140625 0.1640625
0 0.4765625 0.94921875 0.16015625 0.1015625
0 0.2890625 0.1640625 0.09375 0.1171875
0 0.28125 0.25 0.05859375 0.07421875
0 0.4140625 0.234375 0.05859375 0.07421875
0 0.5234375 0.1796875 0.00390625 0.00390625