0 0.4453125 0.28125 0.0625 0.0625
0 0.2734375 0.1015625 0.09375 0.08203125
0 0.1328125 0.109375 0.0703125 0.078125
0 0.125 0.28515625 0.03515625 0.09375
0 0.29296875 0.4296875 0.06640625 0.0859375
0 0.27734375 0.53125 0.0546875 0.05078125
0 0.28515625 0.578125 0.09765625 0.05078125
0 0.7109375 0.4140625 0.0546875 0.078125
0 0.6875 0.421875 0.04296875 0.0703125
0 0.4453125 0.4765625 0.05859375 0.06640625
0 0.578125 0.671875 0.06640625 0.0625
0 0.671875 0.77734375 0.0546875 0.06640625
0 0.65625 0.8828125 0.0625 0.0859375
0 0.66796875 0.83984375 0.05078125 0.0625
0 0.84375 0.6015625 0.05859375 0.09765625
0 0.8984375 0.6875 0.07421875 0.06640625
0 0.8359375 0.7578125 0.06640625 0.07421875
0 0.5 0.953125 0.05078125 0.0703125
0 0.265625 0.765625 0.06640625 0.0703125
0 0.11328125 0.796875 0.03125 0.0859375
0 0.60546875 0.53125 0.05859375 0.1015625
0 0.7265625 0.29296875 0.06640625 0.078125
0 0.75 0.47265625 0.0859375 0.11328125
0 0.51171875 0.7890625 0.0703125 0.1328125
0 0.2265625 0.2421875 0.05859375 0.1015625
0 0.35546875 0.203125 0.09375 0.140625
0 0.4375 0.640625 0.03515625 0.07421875
0 0.296875 0.66796875 0.06640625 0.08984375
0 0.14453125 0.515625 0.05859375 0.08984375
0 0.1953125 0.8125 0.05859375 0.109375