0 0.515625 0.09375 0.0625 0.0703125
0 0.640625 0.15625 0.0546875 0.05859375
0 0.65625 0.20703125 0.0390625 0.0546875
0 0.6015625 0.828125 0.0625 0.04296875
0 0.21875 0.9296875 0.0546875 0.0625
0 0.4140625 0.9609375 0.05078125 0.0546875
0 0.61328125 0.62890625 0.04296875 0.07421875
0 0.7421875 0.8046875 0.0625 0.04296875
0 0.4609375 0.453125 0.07421875 0.07421875
0 0.3046875 0.203125 0.03515625 0.0859375
0 0.34765625 0.1796875 0.0546875 0.0546875
0 0.6953125 0.37890625 0.046875 0.0703125
0 0.7578125 0.7578125 0.09375 0.0625
0 0.1640625 0.76171875 0.04296875 0.06640625
0 0.18359375 0.828125 0.05859375 0.0546875
0 0.0859375 0.625 0.0546875 0.09375
0 0.2578125 0.515625 0.04296875 0.10546875
0 0.59375 0.53125 0.046875 0.078125
0 0.8359375 0.7265625 0.0390625 0.0625