0 0.71875 0.125 0.0859375 0.08984375
0 0.5234375 0.265625 0.0546875 0.078125
0 0.625 0.265625 0.07421875 0.0625
0 0.671875 0.390625 0.046875 0.109375
0 0.6328125 0.35546875 0.0390625 0.0859375
0 0.55078125 0.4296875 0.08984375 0.125
0 0.625 0.8046875 0.046875 0.0859375
0 0.5546875 0.81640625 0.046875 0.0546875
0 0.609375 0.75 0.05859375 0.0703125
0 0.7109375 0.7890625 0.03125 0.08203125
0 0.67578125 0.28125 0.05859375 0.0546875
0 0.578125 0.1953125 0.0703125 0.0546875
0 0.0625 0.453125 0.05859375 0.10546875
0 0.09375 0.515625 0.05078125 0.0859375
0 0.015625 0.8125 0.0234375 0.07421875
0 0.10546875 0.1875 0.0703125 0.1015625
0 0.078125 0.078125 0.0859375 0.11328125
0 0.68359375 0.6796875 0.09765625 0.10546875
0 0.640625 0.1171875 0.0625 0.11328125
0 0.73828125 0.3984375 0.06640625 0.0859375