0 0.375 0.234375 0.05859375 0.0625
0 0.265625 0.2734375 0.0625 0.078125
0 0.2265625 0.62109375 0.04296875 0.08203125
0 0.3984375 0.6484375 0.0546875 0.078125
0 0.3046875 0.6796875 0.05859375 0.078125
0 0.234375 0.734375 0.04296875 0.0703125
0 0.29296875 0.375 0.1015625 0.109375
0 0.3828125 0.33984375 0.06640625 0.08984375
0 0.46875 0.4609375 0.09765625 0.0703125
0 0.171875 0.921875 0.0390625 0.0859375
0 0.30859375 0.974609375 0.03125 0.05078125
0 0.4375 0.7890625 0.05078125 0.0703125
0 0.24609375 0.1171875 0.046875 0.0625
0 0.1484375 0.2421875 0.05078125 0.0859375
0 0.3203125 0.4609375 0.0546875 0.0546875