0 0.40625 0.83984375 0.0546875 0.0546875
0 0.30078125 0.8828125 0.0546875 0.0625
0 0.26953125 0.8203125 0.04296875 0.06640625
0 0.5234375 0.6328125 0.0625 0.06640625
0 0.58984375 0.5703125 0.078125 0.08984375
0 0.2421875 0.4296875 0.0546875 0.0703125
0 0.578125 0.4921875 0.05078125 0.0703125
0 0.6875 0.4921875 0.0390625 0.0703125
0 0.65625 0.50390625 0.046875 0.06640625
0 0.640625 0.24609375 0.0625 0.0703125
0 0.53515625 0.4140625 0.078125 0.1328125
0 0.5 0.765625 0.046875 0.08984375
0 0.46484375 0.90625 0.05859375 0.07421875
0 0.4296875 0.9765625 0.0546875 0.046875
0 0.52734375 0.9140625 0.046875 0.07421875
0 0.59765625 0.7734375 0.03125 0.078125
0 0.69921875 0.1953125 0.05859375 0.0703125
0 0.81640625 0.28125 0.08984375 0.078125
0 0.41015625 0.4609375 0.05859375 0.1328125
0 0.578125 0.28125 0.05078125 0.08984375
0 0.6875 0.05859375 0.0625 0.06640625