0 0.28515625 0.2421875 0.05078125 0.0859375
0 0.3359375 0.1953125 0.046875 0.0546875
0 0.67578125 0.09765625 0.05078125 0.07421875
0 0.4921875 0.4921875 0.04296875 0.05078125
0 0.3125 0.40625 0.04296875 0.04296875
0 0.16796875 0.4453125 0.0546875 0.05078125
0 0.0859375 0.8046875 0.0546875 0.0625
0 0.0625 0.90625 0.0703125 0.0859375
0 0.57421875 0.5234375 0.07421875 0.0859375
0 0.65625 0.6015625 0.04296875 0.046875
0 0.65625 0.3984375 0.04296875 0.06640625
0 0.75 0.046875 0.03515625 0.0625
0 0.7890625 0.046875 0.0390625 0.0546875
0 0.78125 0.3828125 0.05078125 0.0625
0 0.77734375 0.4921875 0.0390625 0.05078125
0 0.20703125 0.2890625 0.0703125 0.109375
0 0.390625 0.4765625 0.046875 0.04296875
0 0.359375 0.421875 0.03125 0.0390625
0 0.2890625 0.06640625 0.04296875 0.05859375
0 0.6875 0.21875 0.046875 0.06640625
0 0.7421875 0.21875 0.03125 0.03125
0 0.7109375 0.30078125 0.07421875 0.1015625