0 0.1875 0.49609375 0.09375 0.109375
0 0.02734375 0.65625 0.0546875 0.10546875
0 0.0859375 0.703125 0.1015625 0.09375
0 0.0625 0.8046875 0.12109375 0.1015625
0 0.35546875 0.8515625 0.07421875 0.08984375
0 0.21875 0.90625 0.06640625 0.08203125
0 0.3046875 0.62109375 0.0859375 0.11328125
0 0.6953125 0.9296875 0.05078125 0.05859375
0 0.65234375 0.82421875 0.046875 0.0625
0 0.43359375 0.828125 0.046875 0.05859375
0 0.4453125 0.91796875 0.04296875 0.0546875
0 0.31640625 0.9453125 0.0546875 0.046875
0 0.04296875 0.328125 0.0546875 0.0625
0 0.11328125 0.2265625 0.09375 0.08984375
0 0.0546875 0.0546875 0.0390625 0.06640625
0 0.6171875 0.90625 0.0546875 0.0625