0 0.625 0.828125 0.0390625 0.05859375
0 0.5625 0.8125 0.04296875 0.0546875
0 0.53125 0.73828125 0.0625 0.05859375
0 0.40625 0.8046875 0.06640625 0.078125
0 0.4765625 0.8359375 0.0390625 0.0703125
0 0.4140625 0.890625 0.08203125 0.10546875
0 0.6015625 0.4453125 0.06640625 0.0859375
0 0.56640625 0.66796875 0.0546875 0.0703125
0 0.42578125 0.625 0.0546875 0.0625
0 0.421875 0.68359375 0.07421875 0.0625
0 0.4296875 0.5703125 0.07421875 0.0625
0 0.390625 0.328125 0.03125 0.0625
0 0.359375 0.328125 0.03125 0.0546875
0 0.32421875 0.3515625 0.0234375 0.0546875
0 0.29296875 0.3359375 0.02734375 0.0546875
0 0.39453125 0.21875 0.03515625 0.05078125
0 0.359375 0.234375 0.03125 0.04296875
0 0.3203125 0.21875 0.03515625 0.04296875
0 0.3984375 0.265625 0.04296875 0.046875
0 0.4609375 0.17578125 0.03125 0.05078125
0 0.53125 0.13671875 0.046875 0.0625
0 0.5703125 0.05078125 0.03515625 0.04296875
0 0.4375 0.0859375 0.02734375 0.03125
0 0.41015625 0.1484375 0.046875 0.0546875
0 0.26171875 0.078125 0.0390625 0.046875
0 0.16796875 0.0703125 0.0390625 0.05859375
0 0.08984375 0.05078125 0.04296875 0.05859375
0 0.0234375 0.15625 0.046875 0.0703125
0 0.3046875 0.015625 0.05078125 0.02734375
0 0.21484375 0.671875 0.03515625 0.0625
0 0.5859375 0.5390625 0.03515625 0.04296875
0 0.5625 0.5625 0.02734375 0.03515625
0 0.515625 0.5625 0.03515625 0.03515625
0 0.453125 0.390625 0.0390625 0.0625
0 0.4921875 0.4296875 0.05859375 0.05859375
0 0.39453125 0.375 0.0546875 0.04296875
0 0.3046875 0.40625 0.0625 0.0546875
0 0.6875 0.828125 0.046875 0.0703125
0 0.671875 0.75 0.0859375 0.07421875
0 0.3359375 0.9140625 0.03515625 0.046875
0 0.234375 0.87109375 0.0546875 0.0546875