0 0.7421875 0.078125 0.0390625 0.0546875
0 0.7421875 0.0234375 0.0390625 0.046875
0 0.375 0.75390625 0.06640625 0.09375
0 0.2578125 0.50390625 0.0625 0.0859375
0 0.3359375 0.5625 0.06640625 0.08203125
0 0.4140625 0.4921875 0.08984375 0.078125
0 0.34375 0.20703125 0.05859375 0.0703125
0 0.26953125 0.33984375 0.046875 0.0625
0 0.3203125 0.38671875 0.05078125 0.05078125
0 0.3515625 0.34765625 0.05078125 0.0546875
0 0.1328125 0.3203125 0.04296875 0.0625
0 0.0859375 0.3828125 0.04296875 0.07421875
0 0.1484375 0.640625 0.0546875 0.0625
0 0.03125 0.6171875 0.0546875 0.078125
0 0.42578125 0.85546875 0.05078125 0.06640625
0 0.53125 0.515625 0.046875 0.05859375
0 0.49609375 0.6953125 0.0390625 0.046875
0 0.453125 0.7109375 0.0390625 0.0703125
0 0.5859375 0.94921875 0.046875 0.06640625
0 0.578125 0.7890625 0.05078125 0.07421875
0 0.7578125 0.73828125 0.0390625 0.05859375
0 0.6796875 0.90625 0.06640625 0.0859375
0 0.25 0.8203125 0.04296875 0.078125
0 0.5390625 0.28125 0.03515625 0.0390625
0 0.55078125 0.328125 0.0546875 0.05859375