0 0.5859375 0.90625 0.0546875 0.05078125
0 0.546875 0.84375 0.05078125 0.05078125
0 0.546875 0.7265625 0.0546875 0.046875
0 0.4765625 0.76953125 0.0546875 0.0546875
0 0.4140625 0.75390625 0.05859375 0.05078125
0 0.3984375 0.6640625 0.05078125 0.0546875
0 0.3828125 0.5234375 0.0625 0.0625
0 0.4609375 0.5 0.0703125 0.11328125
0 0.4375 0.3515625 0.09765625 0.18359375
0 0.6015625 0.3515625 0.05078125 0.0546875
0 0.74609375 0.33984375 0.05078125 0.05078125
0 0.8125 0.3046875 0.0546875 0.06640625
0 0.703125 0.5703125 0.0546875 0.0703125
0 0.6796875 0.52734375 0.05859375 0.078125
0 0.9140625 0.484375 0.08203125 0.078125
0 0.70703125 0.68359375 0.06640625 0.0625
0 0.8359375 0.6796875 0.046875 0.08203125
0 0.796875 0.90234375 0.08984375 0.0703125
0 0.828125 0.8203125 0.08984375 0.09765625