0 0.82421875 0.26953125 0.0703125 0.078125
0 0.7265625 0.1953125 0.05078125 0.10546875
0 0.79296875 0.44921875 0.08203125 0.078125
0 0.8359375 0.3984375 0.05078125 0.0546875
0 0.61328125 0.8046875 0.078125 0.09375
0 0.640625 0.88671875 0.06640625 0.06640625
0 0.4609375 0.765625 0.07421875 0.07421875
0 0.296875 0.8203125 0.04296875 0.06640625
0 0.25390625 0.7578125 0.0625 0.09375
0 0.30078125 0.6796875 0.08984375 0.1015625
0 0.2890625 0.2109375 0.0546875 0.07421875
0 0.3828125 0.3984375 0.0703125 0.09375
0 0.5859375 0.390625 0.05859375 0.1015625
0 0.5 0.10546875 0.08984375 0.08203125
0 0.1328125 0.2578125 0.078125 0.12109375
0 0.8046875 0.171875 0.0859375 0.08984375
0 0.796875 0.34375 0.046875 0.05078125
0 0.8515625 0.4921875 0.08984375 0.1015625
0 0.71875 0.6484375 0.10546875 0.12890625
0 0.4453125 0.8359375 0.0625 0.0859375
0 0.1796875 0.3984375 0.12109375 0.1015625