0 0.3359375 0.5390625 0.09375 0.0859375
0 0.40625 0.4453125 0.05859375 0.0625
0 0.234375 0.51953125 0.07421875 0.08203125
0 0.1796875 0.578125 0.0625 0.05078125
0 0.0703125 0.20703125 0.05859375 0.07421875
0 0.3515625 0.21875 0.05859375 0.08984375
0 0.265625 0.14453125 0.0546875 0.08203125
0 0.26953125 0.6328125 0.07421875 0.0703125
0 0.55859375 0.8203125 0.08203125 0.06640625
0 0.5703125 0.5859375 0.05859375 0.07421875
0 0.6484375 0.5546875 0.125 0.10546875
0 0.66015625 0.64453125 0.06640625 0.05859375
0 0.453125 0.640625 0.08203125 0.08984375
0 0.59375 0.2421875 0.05859375 0.11328125
0 0.8984375 0.53125 0.06640625 0.10546875
0 0.6796875 0.76953125 0.10546875 0.15625