0 0.734375 0.1484375 0.06640625 0.08203125
0 0.890625 0.34375 0.0703125 0.09765625
0 0.84375 0.29296875 0.0546875 0.07421875
0 0.66015625 0.4609375 0.09375 0.171875
0 0.7265625 0.3046875 0.0703125 0.06640625
0 0.76953125 0.4296875 0.0546875 0.09375
0 0.3828125 0.12890625 0.06640625 0.09375
0 0.34375 0.21875 0.0546875 0.08984375
0 0.390625 0.265625 0.0703125 0.08203125
0 0.45703125 0.171875 0.05078125 0.078125
0 0.39453125 0.3984375 0.07421875 0.0859375
0 0.359375 0.6484375 0.0546875 0.09375
0 0.30859375 0.59765625 0.0703125 0.12890625
0 0.19140625 0.62890625 0.06640625 0.125
0 0.8125 0.703125 0.09375 0.0859375
0 0.421875 0.57421875 0.046875 0.08203125
0 0.31640625 0.41015625 0.0546875 0.08203125
0 0.5234375 0.42578125 0.0546875 0.0625
0 0.734375 0.2265625 0.078125 0.078125
0 0.625 0.15234375 0.03515625 0.05859375
0 0.52734375 0.1328125 0.046875 0.07421875
0 0.53125 0.02734375 0.046875 0.0546875
0 0.8671875 0.7890625 0.09765625 0.0859375