0 0.3671875 0.38671875 0.16015625 0.25
0 0.0859375 0.8984375 0.0390625 0.10546875
0 0.3203125 0.96875 0.07421875 0.05859375
0 0.5 0.8359375 0.05078125 0.07421875
0 0.453125 0.828125 0.02734375 0.0859375
0 0.421875 0.953125 0.0625 0.08203125
0 0.5 0.90625 0.05078125 0.0859375
0 0.71875 0.7421875 0.05859375 0.0703125
0 0.68359375 0.875 0.05078125 0.07421875
0 0.7734375 0.8203125 0.09765625 0.1171875
0 0.4296875 0.640625 0.078125 0.1328125
0 0.515625 0.6328125 0.06640625 0.109375
0 0.6796875 0.5078125 0.05859375 0.109375
0 0.62109375 0.50390625 0.05859375 0.11328125
0 0.8515625 0.47265625 0.1015625 0.08203125
0 0.81640625 0.40234375 0.09375 0.08203125
0 0.83203125 0.3359375 0.08203125 0.08984375
0 0.8828125 0.25 0.1015625 0.078125
0 0.9453125 0.1328125 0.0546875 0.08984375
0 0.53125 0.5234375 0.12890625 0.10546875
0 0.6015625 0.609375 0.03125 0.07421875
0 0.6484375 0.7265625 0.08203125 0.078125
0 0.578125 0.8203125 0.046875 0.0625
0 0.4765625 0.7421875 0.0390625 0.0703125
0 0.72265625 0.6484375 0.05078125 0.06640625
0 0.5625 0.8984375 0.05078125 0.0703125
0 0.375 0.87890625 0.06640625 0.10546875
0 0.8671875 0.875 0.04296875 0.0625