0 0.2421875 0.546875 0.05859375 0.07421875
0 0.32421875 0.5859375 0.05859375 0.06640625
0 0.15625 0.61328125 0.0625 0.08203125
0 0.1484375 0.53125 0.046875 0.0703125
0 0.7421875 0.1171875 0.04296875 0.0546875
0 0.640625 0.2421875 0.0546875 0.0625
0 0.6328125 0.3125 0.05078125 0.05859375
0 0.6953125 0.375 0.04296875 0.07421875
0 0.25 0.734375 0.0390625 0.0546875
0 0.0546875 0.78125 0.0390625 0.05078125
0 0.50390625 0.30859375 0.0390625 0.0546875
0 0.80078125 0.1484375 0.0546875 0.0546875
0 0.64453125 0.0390625 0.0625 0.06640625
0 0.8125 0.3125 0.04296875 0.0625