0 0.6015625 0.6640625 0.0703125 0.09765625
0 0.5234375 0.30859375 0.0546875 0.09765625
0 0.390625 0.7890625 0.0546875 0.0859375
0 0.46875 0.375 0.03515625 0.0625
0 0.69140625 0.28125 0.09375 0.078125
0 0.5234375 0.4140625 0.0546875 0.08984375
0 0.6640625 0.4140625 0.0625 0.05859375
0 0.6953125 0.4765625 0.07421875 0.07421875
0 0.7890625 0.5234375 0.0625 0.0703125
0 0.75 0.59765625 0.0625 0.0703125
0 0.7890625 0.75 0.07421875 0.140625
0 0.6796875 0.7578125 0.0546875 0.08203125
0 0.8828125 0.81640625 0.05859375 0.0859375
0 0.7734375 0.3125 0.05078125 0.0625
0 0.78125 0.265625 0.046875 0.05078125
0 0.2421875 0.82421875 0.0625 0.0859375
0 0.7109375 0.1328125 0.05859375 0.078125