0 0.4296875 0.65234375 0.10546875 0.1015625
0 0.55078125 0.7265625 0.14453125 0.1484375
0 0.4296875 0.91796875 0.13671875 0.109375
0 0.1953125 0.8203125 0.06640625 0.1015625
0 0.140625 0.86328125 0.0546875 0.09765625
0 0.30078125 0.921875 0.08203125 0.09765625
0 0.71484375 0.34375 0.08984375 0.11328125
0 0.58984375 0.390625 0.08984375 0.1015625
0 0.79296875 0.3671875 0.11328125 0.16015625
0 0.78125 0.2421875 0.078125 0.1015625
0 0.2421875 0.609375 0.1015625 0.1328125
0 0.40625 0.55859375 0.10546875 0.11328125
0 0.34375 0.6796875 0.078125 0.125
0 0.40625 0.828125 0.09375 0.10546875
0 0.44140625 0.4140625 0.10546875 0.109375