0 0.90625 0.44921875 0.0859375 0.0859375
0 0.6796875 0.40625 0.09375 0.125
0 0.79296875 0.3984375 0.05859375 0.10546875
0 0.765625 0.296875 0.0546875 0.08203125
0 0.7734375 0.1484375 0.05078125 0.08203125
0 0.6875 0.171875 0.05859375 0.0703125
0 0.7109375 0.03125 0.08203125 0.05078125
0 0.875 0.09765625 0.0546875 0.11328125
0 0.8671875 0.28125 0.0625 0.19921875
0 0.828125 0.5 0.06640625 0.08984375
0 0.7265625 0.609375 0.171875 0.171875
0 0.5859375 0.2734375 0.05078125 0.0859375
0 0.55078125 0.375 0.10546875 0.08203125
0 0.4765625 0.3046875 0.08203125 0.0859375
0 0.421875 0.3984375 0.08203125 0.11328125
0 0.3515625 0.484375 0.09375 0.14453125
0 0.2890625 0.515625 0.08203125 0.12109375
0 0.2421875 0.5625 0.07421875 0.140625
0 0.42578125 0.6328125 0.08984375 0.1328125
0 0.546875 0.72265625 0.125 0.11328125
0 0.71875 0.76953125 0.0703125 0.078125
0 0.51953125 0.8671875 0.05859375 0.0859375
0 0.45703125 0.8515625 0.05078125 0.08203125
0 0.39453125 0.73828125 0.0625 0.04296875
0 0.3125 0.7265625 0.046875 0.0703125
0 0.8671875 0.72265625 0.078125 0.0390625
0 0.859375 0.625 0.06640625 0.05078125
0 0.94921875 0.82421875 0.08203125 0.1328125
0 0.8203125 0.8984375 0.09765625 0.10546875
0 0.6015625 0.953125 0.078125 0.0625
0 0.5234375 0.546875 0.0859375 0.08984375
0 0.546875 0.4609375 0.046875 0.06640625
0 0.6953125 0.28125 0.0625 0.0546875
0 0.171875 0.3671875 0.05859375 0.08984375
0 0.31640625 0.33984375 0.0703125 0.09375
0 0.953125 0.71875 0.046875 0.06640625
0 0.234375 0.765625 0.046875 0.0859375
0 0.234375 0.8984375 0.09375 0.125
0 0.322265625 0.935546875 0.08984375 0.12890625
0 0.4453125 0.953125 0.1015625 0.08984375
0 0.5859375 0.8671875 0.078125 0.07421875