0 0.6328125 0.59375 0.0703125 0.1015625
0 0.61328125 0.5234375 0.05078125 0.0703125
0 0.5546875 0.4921875 0.0546875 0.08203125
0 0.5 0.83984375 0.0703125 0.1171875
0 0.68359375 0.75 0.0546875 0.07421875
0 0.640625 0.91796875 0.04296875 0.078125
0 0.4765625 0.62890625 0.07421875 0.08984375
0 0.40625 0.77734375 0.046875 0.07421875
0 0.65625 0.359375 0.08984375 0.1015625
0 0.9140625 0.33984375 0.05859375 0.08984375
0 0.3046875 0.3515625 0.05859375 0.08984375
0 0.5078125 0.2578125 0.04296875 0.0546875
0 0.40625 0.390625 0.09765625 0.1640625
0 0.578125 0.6953125 0.046875 0.078125