0 0.3125 0.734375 0.03125 0.07421875
0 0.28125 0.7421875 0.03515625 0.046875
0 0.2109375 0.90625 0.03125 0.0625
0 0.240234375 0.982421875 0.02734375 0.03515625
0 0.24609375 0.94140625 0.03515625 0.04296875
0 0.15625 0.7578125 0.03125 0.05859375
0 0.1484375 0.8125 0.03515625 0.06640625
0 0.7265625 0.4296875 0.04296875 0.0703125
0 0.66796875 0.4453125 0.0390625 0.0546875
0 0.5625 0.27734375 0.046875 0.05078125
0 0.6328125 0.046875 0.046875 0.06640625
0 0.515625 0.0625 0.06640625 0.078125
0 0.09375 0.40625 0.0390625 0.0703125
0 0.23828125 0.34375 0.0390625 0.04296875
0 0.1796875 0.515625 0.0234375 0.0546875
0 0.81640625 0.52734375 0.0390625 0.0546875
0 0.8671875 0.53515625 0.04296875 0.04296875
0 0.93359375 0.5234375 0.046875 0.03515625
0 0.90625 0.5859375 0.03515625 0.0390625
0 0.8984375 0.2734375 0.046875 0.05859375
0 0.84375 0.3984375 0.0390625 0.046875
0 0.97265625 0.2265625 0.02734375 0.015625
0 0.95703125 0.2890625 0.04296875 0.03125
0 0.92578125 0.3359375 0.046875 0.04296875
0 0.6953125 0.7578125 0.04296875 0.046875
0 0.81640625 0.578125 0.03515625 0.03125
0 0.78125 0.75390625 0.046875 0.0625
0 0.453125 0.796875 0.05859375 0.0703125
0 0.5546875 0.8046875 0.0546875 0.0625
0 0.5546875 0.65625 0.046875 0.0625
0 0.5234375 0.3828125 0.0546875 0.0625
0 0.42578125 0.203125 0.05859375 0.046875
0 0.34375 0.41796875 0.0546875 0.0546875
0 0.328125 0.5234375 0.046875 0.08984375
0 0.47265625 0.64453125 0.03125 0.05859375
0 0.40234375 0.5703125 0.04296875 0.05859375
0 0.703125 0.234375 0.0390625 0.046875
0 0.6015625 0.16796875 0.046875 0.06640625
0 0.8828125 0.63671875 0.03515625 0.0546875
0 0.25 0.8359375 0.046875 0.0625
0 0.14453125 0.5546875 0.05078125 0.0703125
0 0.0859375 0.5625 0.0390625 0.078125
0 0.1796875 0.390625 0.0546875 0.0703125
0 0.19921875 0.32421875 0.03125 0.046875
0 0.10546875 0.31640625 0.05859375 0.0703125
0 0.9453125 0.4609375 0.0546875 0.046875
0 0.59765625 0.53515625 0.03515625 0.109375
0 0.4921875 0.4453125 0.03125 0.0703125