0 0.3671875 0.32421875 0.046875 0.0859375
0 0.3515625 0.25 0.02734375 0.046875
0 0.44140625 0.1640625 0.03125 0.0390625
0 0.3984375 0.14453125 0.03125 0.05859375
0 0.5546875 0.2109375 0.0625 0.0625
0 0.4921875 0.140625 0.06640625 0.09375
0 0.27734375 0.1171875 0.02734375 0.0546875
0 0.2265625 0.5078125 0.04296875 0.0703125
0 0.1953125 0.640625 0.06640625 0.08984375
0 0.48046875 0.88671875 0.0390625 0.0546875
0 0.46484375 0.8515625 0.0390625 0.046875
0 0.4296875 0.8984375 0.0546875 0.05078125
0 0.484375 0.953125 0.05078125 0.06640625
0 0.4375 0.76953125 0.0625 0.0859375
0 0.484375 0.44140625 0.05859375 0.08203125
0 0.63671875 0.50390625 0.10546875 0.08984375
0 0.625 0.3515625 0.07421875 0.0859375
0 0.609375 0.2421875 0.05078125 0.07421875
0 0.2734375 0.97265625 0.0390625 0.0546875
0 0.28515625 0.83203125 0.06640625 0.11328125
0 0.2421875 0.40625 0.046875 0.06640625