0 0.90625 0.4375 0.0546875 0.0625
0 0.703125 0.4140625 0.05859375 0.08203125
0 0.4765625 0.53125 0.0390625 0.05078125
0 0.3359375 0.4375 0.046875 0.0703125
0 0.54296875 0.34375 0.05078125 0.0546875
0 0.46875 0.37890625 0.05859375 0.078125
0 0.6875 0.1953125 0.06640625 0.0546875
0 0.64453125 0.74609375 0.04296875 0.0625
0 0.609375 0.73046875 0.03125 0.05859375
0 0.5390625 0.6640625 0.03515625 0.04296875
0 0.8125 0.59765625 0.05859375 0.05859375
0 0.796875 0.92578125 0.078125 0.0546875
0 0.61328125 0.921875 0.0390625 0.0625
0 0.5546875 0.8515625 0.046875 0.0546875
0 0.51953125 0.890625 0.0625 0.05078125
0 0.6484375 0.8125 0.07421875 0.06640625
0 0.9140625 0.234375 0.06640625 0.0703125
0 0.7421875 0.1640625 0.05078125 0.08203125
0 0.5390625 0.46875 0.0546875 0.08203125