0 0.82421875 0.6875 0.08984375 0.08984375
0 0.69921875 0.2265625 0.06640625 0.0859375
0 0.21875 0.390625 0.0703125 0.0859375
0 0.7578125 0.5078125 0.03125 0.0546875
0 0.71484375 0.40625 0.0546875 0.0703125
0 0.6953125 0.55859375 0.02734375 0.0546875
0 0.65234375 0.5078125 0.0390625 0.046875
0 0.6484375 0.5625 0.02734375 0.046875
0 0.8046875 0.47265625 0.02734375 0.03515625
0 0.546875 0.515625 0.046875 0.0703125
0 0.609375 0.41796875 0.03515625 0.046875
0 0.2578125 0.57421875 0.04296875 0.0703125
0 0.61328125 0.1875 0.06640625 0.08203125