0 0.41015625 0.59765625 0.16015625 0.3203125
0 0.421875 0.3515625 0.1328125 0.19140625
0 0.640625 0.5 0.1328125 0.12890625
0 0.640625 0.32421875 0.06640625 0.0625
0 0.703125 0.375 0.06640625 0.0859375
0 0.765625 0.31640625 0.0625 0.06640625
0 0.75 0.421875 0.0546875 0.08984375
0 0.8046875 0.19140625 0.08203125 0.09765625
0 0.640625 0.7578125 0.1875 0.15234375
0 0.75 0.6171875 0.15234375 0.16015625
0 0.40625 0.8125 0.140625 0.1015625
0 0.29296875 0.28515625 0.0703125 0.0859375
0 0.234375 0.4921875 0.08984375 0.1015625
0 0.828125 0.390625 0.1015625 0.21875
0 0.94140625 0.203125 0.07421875 0.08203125
0 0.5390625 0.33203125 0.0625 0.0703125
0 0.58984375 0.40625 0.1015625 0.07421875
0 0.71875 0.15625 0.08984375 0.09765625
0 0.1796875 0.10546875 0.17578125 0.14453125