0 0.65625 0.26953125 0.078125 0.08203125
0 0.6484375 0.1875 0.05078125 0.0703125
0 0.64453125 0.09375 0.05078125 0.04296875
0 0.54296875 0.11328125 0.06640625 0.0703125
0 0.515625 0.0546875 0.0625 0.0546875
0 0.3828125 0.11328125 0.0390625 0.05078125
0 0.3125 0.6015625 0.0703125 0.078125
0 0.6015625 0.609375 0.06640625 0.10546875
0 0.6640625 0.765625 0.0859375 0.09375
0 0.5625 0.8203125 0.0859375 0.10546875
0 0.44140625 0.88671875 0.078125 0.10546875
0 0.328125 0.86328125 0.04296875 0.08984375
0 0.7265625 0.5546875 0.07421875 0.08984375
0 0.828125 0.28125 0.05078125 0.09765625
0 0.71875 0.109375 0.0234375 0.046875
0 0.703125 0.0625 0.0625 0.0390625
0 0.921875 0.8828125 0.05859375 0.06640625
0 0.796875 0.765625 0.07421875 0.07421875
0 0.3359375 0.29296875 0.05078125 0.0703125
0 0.140625 0.6015625 0.0546875 0.0859375
0 0.1171875 0.390625 0.06640625 0.078125
0 0.046875 0.36328125 0.046875 0.0703125
0 0.421875 0.44140625 0.078125 0.0625
0 0.78125 0.359375 0.0625 0.046875