0 0.69140625 0.8203125 0.0625 0.08984375
0 0.64453125 0.7265625 0.0546875 0.0703125
0 0.5859375 0.73046875 0.0625 0.08203125
0 0.9453125 0.578125 0.05078125 0.08984375
0 0.8671875 0.59375 0.078125 0.08984375
0 0.79296875 0.4296875 0.07421875 0.10546875
0 0.5 0.46875 0.06640625 0.09375
0 0.40625 0.5 0.0703125 0.09375
0 0.4453125 0.65234375 0.08984375 0.1171875
0 0.2578125 0.6328125 0.06640625 0.0859375
0 0.40625 0.3984375 0.06640625 0.0859375
0 0.375 0.34375 0.0703125 0.08984375
0 0.5859375 0.5546875 0.06640625 0.0859375
0 0.58984375 0.4453125 0.0625 0.0859375
0 0.421875 0.8125 0.078125 0.0859375
0 0.921875 0.734375 0.0625 0.05859375
0 0.78125 0.703125 0.05859375 0.0859375