0 0.421875 0.0703125 0.08203125 0.1015625
0 0.58984375 0.32421875 0.06640625 0.0859375
0 0.390625 0.23046875 0.06640625 0.07421875
0 0.3046875 0.3125 0.0546875 0.09375
0 0.171875 0.27734375 0.07421875 0.12109375
0 0.2109375 0.53125 0.05078125 0.125
0 0.51953125 0.4375 0.0625 0.0625
0 0.5234375 0.51171875 0.0859375 0.08984375
0 0.67578125 0.34375 0.05078125 0.0859375
0 0.625 0.6640625 0.0546875 0.08203125
0 0.390625 0.6953125 0.08203125 0.109375
0 0.4921875 0.8046875 0.0703125 0.09765625
0 0.6796875 0.4921875 0.140625 0.16015625
0 0.5390625 0.0859375 0.0859375 0.06640625
0 0.61328125 0.21875 0.0546875 0.05078125
0 0.75 0.3203125 0.0703125 0.05078125
0 0.46875 0.296875 0.0703125 0.125