0 0.265625 0.06640625 0.0703125 0.0859375
0 0.3203125 0.171875 0.046875 0.0546875
0 0.48046875 0.21484375 0.05859375 0.0859375
0 0.57421875 0.140625 0.0625 0.05859375
0 0.640625 0.1796875 0.05078125 0.09375
0 0.2890625 0.734375 0.046875 0.08984375
0 0.2265625 0.8046875 0.0703125 0.07421875
0 0.4296875 0.0546875 0.0625 0.0703125
0 0.22265625 0.7109375 0.05859375 0.0703125
0 0.490234375 0.0546875 0.08203125 0.109375
0 0.3828125 0.3828125 0.0625 0.1328125
0 0.484375 0.64453125 0.06640625 0.0859375
0 0.7109375 0.203125 0.0546875 0.1015625
0 0.71875 0.375 0.05859375 0.109375