0 0.1328125 0.40625 0.08984375 0.13671875
0 0.30078125 0.546875 0.078125 0.14453125
0 0.7265625 0.625 0.09765625 0.10546875
0 0.7890625 0.4765625 0.06640625 0.0703125
0 0.640625 0.3671875 0.0546875 0.0703125
0 0.50390625 0.359375 0.0703125 0.06640625
0 0.69921875 0.21875 0.0625 0.0625
0 0.69140625 0.359375 0.05859375 0.06640625
0 0.765625 0.359375 0.0703125 0.05859375
0 0.9765625 0.33203125 0.04296875 0.08203125
0 0.92578125 0.48828125 0.0390625 0.0546875
0 0.203125 0.75 0.05859375 0.0546875
0 0.171875 0.70703125 0.05859375 0.046875
0 0.5078125 0.75390625 0.08984375 0.109375
0 0.48046875 0.64453125 0.05859375 0.078125
0 0.34375 0.1796875 0.05078125 0.06640625
0 0.46875 0.26171875 0.0703125 0.078125
0 0.66015625 0.140625 0.078125 0.08203125