0 0.6796875 0.453125 0.0859375 0.09375
0 0.9296875 0.890625 0.0546875 0.078125
0 0.8046875 0.7890625 0.0703125 0.0703125
0 0.875 0.83203125 0.07421875 0.08984375
0 0.76953125 0.9375 0.0859375 0.1015625
0 0.75390625 0.76953125 0.05859375 0.09375
0 0.515625 0.625 0.0546875 0.04296875
0 0.3828125 0.2734375 0.05078125 0.04296875
0 0.375 0.34375 0.0546875 0.06640625
0 0.2265625 0.4609375 0.046875 0.0703125
0 0.1484375 0.5859375 0.08984375 0.12109375
0 0.1484375 0.46875 0.07421875 0.09375
0 0.2421875 0.3046875 0.06640625 0.0703125
0 0.25 0.1328125 0.08203125 0.0625
0 0.4609375 0.3359375 0.10546875 0.0703125
0 0.5859375 0.42578125 0.06640625 0.046875
0 0.46875 0.265625 0.06640625 0.07421875
0 0.76171875 0.546875 0.05078125 0.078125
0 0.81640625 0.65625 0.0703125 0.09375
0 0.609375 0.59375 0.046875 0.0625
0 0.5703125 0.5 0.05859375 0.04296875
0 0.234375 0.9140625 0.03515625 0.05859375
0 0.1953125 0.94921875 0.03515625 0.046875