0 0.72265625 0.8984375 0.0703125 0.0859375
0 0.703125 0.97265625 0.0625 0.0546875
0 0.5078125 0.8046875 0.078125 0.0625
0 0.48046875 0.7578125 0.06640625 0.0546875
0 0.4765625 0.6875 0.05078125 0.05078125
0 0.3828125 0.640625 0.06640625 0.05078125
0 0.359375 0.5546875 0.0546875 0.05859375
0 0.390625 0.4453125 0.08984375 0.1328125
0 0.4375 0.546875 0.07421875 0.11328125
0 0.50390625 0.4296875 0.0625 0.08203125
0 0.609375 0.4296875 0.0546875 0.0703125
0 0.21875 0.15625 0.0703125 0.078125
0 0.51953125 0.50390625 0.05859375 0.08203125
0 0.69140625 0.234375 0.109375 0.13671875
0 0.7890625 0.890625 0.05078125 0.05859375
0 0.7890625 0.953125 0.05078125 0.0703125
0 0.578125 0.65625 0.06640625 0.078125
0 0.6875 0.44140625 0.05078125 0.07421875