0 0.671875 0.40234375 0.0546875 0.0859375
0 0.6484375 0.4921875 0.05859375 0.0703125
0 0.59765625 0.59375 0.05859375 0.1015625
0 0.5859375 0.765625 0.0625 0.08203125
0 0.4296875 0.8671875 0.05859375 0.09765625
0 0.1328125 0.5390625 0.046875 0.1015625
0 0.1015625 0.5 0.05078125 0.09765625
0 0.32421875 0.5078125 0.08984375 0.11328125
0 0.30859375 0.3828125 0.0703125 0.09375
0 0.3125 0.3203125 0.05859375 0.08203125
0 0.23828125 0.375 0.06640625 0.09765625
0 0.171875 0.3515625 0.05859375 0.1015625
0 0.02734375 0.734375 0.0546875 0.125
0 0.8828125 0.484375 0.07421875 0.1015625
0 0.81640625 0.46875 0.06640625 0.0546875
0 0.8046875 0.5390625 0.06640625 0.078125
0 0.7890625 0.296875 0.0859375 0.09765625
0 0.83203125 0.38671875 0.07421875 0.08203125
0 0.921875 0.390625 0.07421875 0.06640625
0 0.77734375 0.64453125 0.06640625 0.10546875
0 0.7265625 0.4140625 0.05859375 0.0859375
0 0.46875 0.5078125 0.078125 0.12890625
0 0.5546875 0.40625 0.0703125 0.09375
0 0.4609375 0.703125 0.0859375 0.0859375
0 0.2734375 0.5546875 0.05078125 0.09375
0 0.703125 0.734375 0.0703125 0.0859375