0 0.44921875 0.3203125 0.0546875 0.08203125
0 0.39453125 0.375 0.07421875 0.0859375
0 0.3046875 0.4140625 0.05859375 0.0625
0 0.0625 0.484375 0.03515625 0.05078125
0 0.0546875 0.52734375 0.0546875 0.0390625
0 0.17578125 0.515625 0.0703125 0.0546875
0 0.578125 0.7265625 0.046875 0.05859375
0 0.765625 0.6015625 0.05859375 0.06640625
0 0.75 0.671875 0.0625 0.046875
0 0.765625 0.7421875 0.0546875 0.06640625
0 0.671875 0.6015625 0.0546875 0.0703125
0 0.71484375 0.3125 0.05859375 0.08984375
0 0.390625 0.671875 0.06640625 0.06640625
0 0.25 0.6875 0.0546875 0.08984375
0 0.21875 0.375 0.046875 0.078125
0 0.23046875 0.2265625 0.05078125 0.08203125
0 0.38671875 0.2109375 0.05078125 0.07421875
0 0.56640625 0.234375 0.05859375 0.078125
0 0.83984375 0.0390625 0.0625 0.05078125
0 0.5234375 0.60546875 0.06640625 0.1015625
0 0.4609375 0.421875 0.046875 0.0859375
0 0.5078125 0.77734375 0.04296875 0.05859375
0 0.828125 0.71875 0.046875 0.06640625
0 0.671875 0.78125 0.09375 0.10546875
0 0.65234375 0.3203125 0.0546875 0.06640625