0 0.544921875 0.935546875 0.08984375 0.12890625
0 0.5078125 0.82421875 0.09375 0.08984375
0 0.6640625 0.69921875 0.04296875 0.078125
0 0.625 0.6796875 0.05078125 0.0703125
0 0.5390625 0.69921875 0.06640625 0.07421875
0 0.4609375 0.609375 0.05078125 0.078125
0 0.609375 0.51171875 0.0625 0.0703125
0 0.53125 0.5546875 0.04296875 0.0625
0 0.515625 0.515625 0.05078125 0.0546875
0 0.4140625 0.453125 0.0390625 0.05859375
0 0.33984375 0.65625 0.05078125 0.078125
0 0.36328125 0.484375 0.046875 0.0703125
0 0.2109375 0.68359375 0.05078125 0.078125
0 0.25 0.5703125 0.04296875 0.0703125
0 0.125 0.640625 0.046875 0.09765625
0 0.2578125 0.44140625 0.046875 0.0703125
0 0.734375 0.75 0.0546875 0.07421875
0 0.65234375 0.90234375 0.046875 0.078125
0 0.70703125 0.5 0.0703125 0.11328125
0 0.3046875 0.9140625 0.05859375 0.08203125
0 0.43359375 0.5234375 0.05078125 0.0703125
0 0.3984375 0.6171875 0.03515625 0.0625