0 0.71875 0.640625 0.05078125 0.06640625
0 0.828125 0.296875 0.05859375 0.0859375
0 0.79296875 0.2265625 0.08203125 0.08203125
0 0.78125 0.046875 0.078125 0.08984375
0 0.921875 0.10546875 0.06640625 0.0625
0 0.9296875 0.265625 0.0703125 0.1328125
0 0.78515625 0.6484375 0.0546875 0.07421875
0 0.65625 0.7578125 0.0390625 0.05078125
0 0.59375 0.8125 0.04296875 0.0703125
0 0.52734375 0.8046875 0.05078125 0.078125
0 0.4765625 0.69921875 0.05859375 0.08203125
0 0.2421875 0.53125 0.0546875 0.0703125
0 0.3046875 0.57421875 0.078125 0.1015625
0 0.3203125 0.72265625 0.046875 0.06640625
0 0.046875 0.8125 0.05859375 0.109375
0 0.234375 0.23828125 0.05859375 0.1015625
0 0.1875 0.32421875 0.0703125 0.1015625
0 0.1171875 0.3046875 0.046875 0.1015625
0 0.17578125 0.0625 0.125 0.125
0 0.0859375 0.1953125 0.0546875 0.12890625
0 0.52734375 0.328125 0.0625 0.08984375
0 0.4375 0.3203125 0.05859375 0.07421875
0 0.6484375 0.05859375 0.0625 0.05859375
0 0.765625 0.53125 0.05078125 0.07421875
0 0.625 0.65625 0.05078125 0.0703125
0 0.3828125 0.66015625 0.06640625 0.09765625
0 0.3671875 0.74609375 0.04296875 0.05859375
0 0.58203125 0.875 0.05078125 0.05859375
0 0.046875 0.6640625 0.02734375 0.046875