0 0.71484375 0.671875 0.0546875 0.08203125
0 0.65234375 0.671875 0.05078125 0.09765625
0 0.5078125 0.88671875 0.0859375 0.08984375
0 0.45703125 0.82421875 0.0625 0.0859375
0 0.44140625 0.74609375 0.0703125 0.0703125
0 0.3515625 0.6796875 0.06640625 0.1015625
0 0.5390625 0.5625 0.07421875 0.07421875
0 0.9453125 0.1328125 0.0625 0.078125
0 0.84375 0.82421875 0.05859375 0.078125
0 0.9296875 0.58203125 0.05078125 0.08203125
0 0.328125 0.0390625 0.0625 0.078125
0 0.34375 0.1484375 0.08984375 0.109375