0 0.359375 0.15625 0.06640625 0.0703125
0 0.30078125 0.1171875 0.0390625 0.0625
0 0.3515625 0.5625 0.08203125 0.12890625
0 0.359375 0.40625 0.046875 0.07421875
0 0.1875 0.640625 0.0625 0.09375
0 0.421875 0.265625 0.0390625 0.05859375
0 0.08203125 0.3984375 0.05859375 0.0703125
0 0.2421875 0.8515625 0.0546875 0.0859375
0 0.296875 0.8515625 0.05859375 0.078125
0 0.35546875 0.7734375 0.046875 0.1015625
0 0.57421875 0.53125 0.05859375 0.08203125
0 0.4921875 0.2109375 0.0546875 0.0703125
0 0.25390625 0.44921875 0.0625 0.08984375
0 0.15625 0.2890625 0.07421875 0.10546875
0 0.26953125 0.28125 0.05859375 0.07421875
0 0.21484375 0.34375 0.06640625 0.08984375
0 0.08984375 0.6875 0.0546875 0.1328125
0 0.3125 0.66015625 0.07421875 0.078125
0 0.640625 0.3984375 0.04296875 0.0625
0 0.5546875 0.453125 0.05078125 0.07421875