0 0.6953125 0.2109375 0.0546875 0.0703125
0 0.578125 0.40625 0.0546875 0.08203125
0 0.47265625 0.54296875 0.0625 0.06640625
0 0.390625 0.55859375 0.046875 0.078125
0 0.36328125 0.53125 0.02734375 0.0546875
0 0.3046875 0.53125 0.03515625 0.05859375
0 0.328125 0.59375 0.03515625 0.0625
0 0.296875 0.609375 0.03515625 0.04296875
0 0.26953125 0.66015625 0.03515625 0.11328125
0 0.2109375 0.6015625 0.0625 0.07421875
0 0.234375 0.35546875 0.02734375 0.06640625
0 0.1875 0.421875 0.03125 0.0390625
0 0.15625 0.3828125 0.046875 0.0390625
0 0.47265625 0.3828125 0.109375 0.10546875
0 0.6640625 0.5546875 0.0625 0.09375
0 0.8125 0.4453125 0.0625 0.07421875
0 0.734375 0.44140625 0.06640625 0.06640625
0 0.8984375 0.33203125 0.05078125 0.05078125
0 0.8046875 0.3359375 0.06640625 0.08203125
0 0.9453125 0.2421875 0.05859375 0.06640625
0 0.484375 0.65625 0.046875 0.05078125
0 0.15625 0.56640625 0.05078125 0.0546875
0 0.5234375 0.2734375 0.046875 0.05078125
0 0.796875 0.15625 0.11328125 0.0859375