0 0.57421875 0.171875 0.0703125 0.09375
0 0.734375 0.19140625 0.06640625 0.09375
0 0.640625 0.2578125 0.05078125 0.078125
0 0.44140625 0.75 0.0703125 0.09375
0 0.2109375 0.8046875 0.05859375 0.08203125
0 0.1640625 0.5625 0.05078125 0.0859375
0 0.09375 0.41796875 0.0546875 0.11328125
0 0.296875 0.25 0.078125 0.0703125
0 0.25 0.1484375 0.05859375 0.09765625
0 0.5 0.28515625 0.0625 0.07421875
0 0.5078125 0.4140625 0.07421875 0.06640625
0 0.703125 0.4609375 0.12109375 0.0859375
0 0.8046875 0.484375 0.0546875 0.0703125
0 0.7265625 0.078125 0.05078125 0.0625
0 0.81640625 0.0703125 0.0390625 0.046875
0 0.89453125 0.12109375 0.0859375 0.07421875
0 0.1015625 0.25 0.08984375 0.140625