0 0.80859375 0.82421875 0.06640625 0.0546875
0 0.78515625 0.77734375 0.05078125 0.046875
0 0.734375 0.4296875 0.0625 0.0703125
0 0.78125 0.40625 0.0546875 0.0546875
0 0.6953125 0.3984375 0.046875 0.05078125
0 0.62890625 0.5390625 0.05859375 0.08203125
0 0.5703125 0.3828125 0.05078125 0.05078125
0 0.5 0.2890625 0.05859375 0.0703125
0 0.4296875 0.34375 0.0546875 0.0625
0 0.453125 0.140625 0.04296875 0.0625
0 0.53515625 0.09375 0.05859375 0.04296875
0 0.421875 0.265625 0.0625 0.0546875
0 0.359375 0.1875 0.046875 0.05078125
0 0.22265625 0.390625 0.0390625 0.07421875
0 0.2109375 0.5 0.0390625 0.046875
0 0.02734375 0.875 0.0234375 0.0625
0 0.1015625 0.8046875 0.02734375 0.04296875
0 0.078125 0.828125 0.02734375 0.05078125
0 0.08203125 0.7734375 0.03125 0.04296875
0 0.2421875 0.7890625 0.03515625 0.0625
0 0.1796875 0.8203125 0.046875 0.0546875
0 0.140625 0.78515625 0.03125 0.05078125
0 0.21875 0.73046875 0.05078125 0.05078125
0 0.171875 0.67578125 0.05078125 0.0625
0 0.3359375 0.7890625 0.03515625 0.05859375
0 0.390625 0.74609375 0.05078125 0.04296875
0 0.671875 0.8203125 0.05859375 0.0546875
0 0.7578125 0.9453125 0.05859375 0.05859375
0 0.4375 0.55859375 0.05078125 0.0625
0 0.4140625 0.46875 0.0703125 0.0625
0 0.28125 0.390625 0.078125 0.07421875
0 0.65234375 0.47265625 0.0703125 0.078125
0 0.5546875 0.6484375 0.05859375 0.05078125
0 0.48828125 0.80859375 0.078125 0.0859375
0 0.5703125 0.8125 0.0625 0.08203125
0 0.765625 0.671875 0.0546875 0.0703125