0 0.85546875 0.265625 0.1484375 0.08984375
0 0.6953125 0.38671875 0.08984375 0.08203125
0 0.63671875 0.4921875 0.09765625 0.1015625
0 0.578125 0.5859375 0.08203125 0.0859375
0 0.53125 0.7578125 0.06640625 0.078125
0 0.4140625 0.875 0.0625 0.08203125
0 0.38671875 0.75 0.12890625 0.1484375
0 0.4140625 0.52734375 0.15625 0.22265625
0 0.5625 0.359375 0.0859375 0.10546875
0 0.29296875 0.28125 0.1484375 0.19140625
0 0.25 0.0625 0.140625 0.12109375
0 0.57421875 0.09375 0.11328125 0.1171875
0 0.171875 0.6640625 0.0625 0.1171875
0 0.7890625 0.6796875 0.06640625 0.06640625
0 0.6875 0.7265625 0.08984375 0.11328125
0 0.78125 0.53125 0.1875 0.15625
0 0.91796875 0.36328125 0.046875 0.0625
0 0.6796875 0.09375 0.09375 0.125
0 0.4609375 0.29296875 0.109375 0.1328125