0 0.4453125 0.36328125 0.1015625 0.12890625
0 0.51171875 0.4921875 0.0546875 0.109375
0 0.44921875 0.55859375 0.05078125 0.09375
0 0.171875 0.5859375 0.04296875 0.05859375
0 0.2421875 0.5546875 0.0703125 0.09375
0 0.47265625 0.140625 0.1171875 0.15625
0 0.5625 0.296875 0.08203125 0.08203125
0 0.5859375 0.1875 0.0703125 0.0859375
0 0.765625 0.4140625 0.08984375 0.09375
0 0.6796875 0.484375 0.0546875 0.10546875
0 0.6484375 0.40625 0.0625 0.109375
0 0.6875 0.7578125 0.07421875 0.08984375
0 0.6171875 0.6484375 0.0703125 0.109375
0 0.578125 0.609375 0.0625 0.1015625
0 0.5234375 0.6171875 0.06640625 0.09375
0 0.859375 0.5625 0.0859375 0.0859375
0 0.92578125 0.7734375 0.05859375 0.10546875
0 0.7734375 0.58984375 0.046875 0.11328125
0 0.3515625 0.75 0.046875 0.0625
0 0.296875 0.68359375 0.0625 0.08203125
0 0.890625 0.046875 0.1015625 0.078125
0 0.90625 0.28515625 0.0859375 0.10546875
0 0.796875 0.26953125 0.0625 0.09375
0 0.8828125 0.47265625 0.0546875 0.05078125
0 0.921875 0.4296875 0.06640625 0.10546875
0 0.966796875 0.625 0.06640625 0.078125
0 0.3828125 0.22265625 0.09765625 0.12109375