0 0.8203125 0.5546875 0.1015625 0.13671875
0 0.69921875 0.5625 0.06640625 0.09375
0 0.640625 0.6015625 0.05078125 0.0546875
0 0.671875 0.75 0.0625 0.0703125
0 0.78125 0.67578125 0.0625 0.06640625
0 0.90234375 0.484375 0.0703125 0.0859375
0 0.828125 0.453125 0.13671875 0.06640625
0 0.513671875 0.0234375 0.11328125 0.046875
0 0.484375 0.0703125 0.09375 0.04296875
0 0.44140625 0.12109375 0.0859375 0.0703125
0 0.8203125 0.1953125 0.078125 0.0859375
0 0.6484375 0.0703125 0.0703125 0.05859375
0 0.609375 0.765625 0.046875 0.0390625
0 0.890625 0.6875 0.14453125 0.09375
0 0.9609375 0.578125 0.07421875 0.09375