0 0.42578125 0.7265625 0.15234375 0.16015625
0 0.578125 0.69140625 0.08984375 0.140625
0 0.6796875 0.578125 0.11328125 0.09765625
0 0.7890625 0.21875 0.171875 0.16015625
0 0.3671875 0.2734375 0.109375 0.1015625
0 0.34375 0.3671875 0.10546875 0.08203125
0 0.2265625 0.40625 0.19140625 0.14453125
0 0.21484375 0.5 0.0859375 0.07421875
0 0.3671875 0.53515625 0.09375 0.08984375
0 0.55859375 0.359375 0.14453125 0.10546875
0 0.6953125 0.4296875 0.125 0.11328125
0 0.8203125 0.453125 0.17578125 0.2421875
0 0.75 0.6875 0.17578125 0.15234375